4027
7 3 25 7 4 
14 3 25 7 3 
19 2 25 7 
23 1 25 
25 3 2 25 7 
27 1 25 
34 3 44 9 15 
35 2 44 15 
36 3 1 25 8 
39 2 25 7 
40 1 25 
46 1 25 
49 2 25 7 
51 1 25 
53 3 7 3 15 
54 3 25 7 4 
56 1 25 
60 2 25 7 
64 3 44 15 5 
66 3 63 8 15 
74 4 2 63 7 15 
78 1 25 
83 2 44 15 
84 3 2 25 7 
93 2 44 15 
94 3 44 15 5 
99 2 25 3 
104 2 25 4 
106 3 7 3 15 
108 1 25 
109 2 44 15 
110 1 25 
111 2 44 15 
113 3 25 8 5 
115 2 44 15 
116 1 25 
118 2 44 15 
124 3 63 8 15 
126 2 25 3 
129 3 44 9 15 
135 2 1 25 
136 2 1 25 
139 1 25 
145 1 25 
155 3 44 7 15 
156 2 25 8 
160 1 25 
162 2 1 25 
163 2 25 5 
168 3 1 44 15 
169 2 25 4 
173 1 25 
174 2 1 25 
179 4 2 63 3 15 
181 1 25 
183 3 1 44 15 
193 1 25 
201 2 25 9 
205 2 25 36 
206 2 25 3 
209 3 25 3 36 
212 2 25 8 
219 1 25 
221 3 7 36 5 
222 1 25 
223 3 25 7 36 
224 2 25 5 
225 1 25 
226 2 25 36 
228 2 44 36 
229 2 1 44 
230 4 63 8 36 5 
232 2 2 63 
234 1 44 
235 4 2 63 7 3 
236 1 44 
247 1 44 
249 2 44 36 
250 2 1 44 
252 3 2 63 36 
255 1 44 
259 2 1 44 
261 3 1 44 36 
264 1 63 
265 2 63 7 
267 2 63 7 
273 3 2 63 7 
277 2 63 7 
279 1 63 
287 3 63 8 36 
289 2 63 55 
292 2 63 55 
294 3 63 3 55 
300 1 63 
302 3 63 7 4 
303 1 63 
304 2 2 63 
305 3 63 4 55 
306 3 63 7 3 
307 1 63 
309 1 63 
311 2 63 4 
316 1 63 
317 3 7 3 55 
318 3 63 7 55 
320 2 63 8 
323 2 63 8 
330 3 63 12 55 
333 3 2 63 7 
341 2 2 63 
342 1 63 
349 2 63 7 
350 4 2 7 3 55 
354 2 63 7 
356 1 63 
358 3 7 3 55 
363 1 63 
372 2 63 3 
377 3 63 12 55 
386 2 63 55 
391 2 2 63 
394 2 63 12 
395 1 63 
396 4 2 63 7 14 
397 3 1 63 12 
398 2 63 55 
399 2 70 55 
400 1 70 
401 2 70 7 
406 3 70 7 94 
408 1 70 
410 3 81 7 14 
414 3 2 70 7 
415 1 70 
419 2 70 94 
423 2 70 4 
429 2 70 12 
430 1 70 
431 2 70 5 
436 2 70 5 
438 4 2 70 11 94 
443 2 70 94 
445 3 70 94 5 
446 2 1 70 
447 2 70 94 
454 3 70 11 4 
455 2 1 70 
459 3 81 11 14 
460 3 70 11 94 
466 1 70 
468 2 70 5 
472 3 2 70 94 
477 1 70 
479 3 1 70 12 
481 1 70 
482 3 70 11 94 
483 2 70 94 
486 1 70 
489 2 2 70 
491 1 70 
492 1 70 
495 1 70 
496 3 70 12 94 
502 1 70 
503 3 81 11 14 
504 4 70 12 94 4 
505 2 70 5 
508 1 70 
510 2 70 11 
511 3 70 12 5 
512 2 2 70 
516 1 70 
521 1 70 
527 2 1 70 
533 3 70 12 4 
539 1 70 
540 3 2 70 11 
543 2 2 70 
550 2 70 4 
553 1 70 
555 4 2 81 11 14 
567 2 81 14 
569 1 70 
571 1 70 
573 3 2 70 11 
574 2 81 14 
576 1 70 
577 4 6 81 11 14 
579 3 70 12 4 
585 3 81 11 14 
586 1 70 
593 1 70 
595 2 6 70 
597 1 70 
607 1 70 
617 1 70 
622 2 6 70 
627 2 70 12 
631 1 70 
633 1 70 
636 3 1 70 12 
640 1 70 
641 3 81 11 14 
643 1 70 
645 2 70 5 
649 2 1 70 
657 2 6 70 
659 1 70 
668 2 1 70 
670 3 81 11 14 
675 1 70 
681 2 6 70 
683 2 6 70 
689 2 70 12 
690 2 70 12 
691 2 1 70 
694 2 1 70 
698 3 6 70 11 
701 2 86 14 
702 1 70 
704 1 70 
707 2 86 14 
709 2 70 5 
711 2 70 11 
713 3 6 70 11 
714 1 70 
715 3 1 70 12 
716 2 1 86 
718 2 86 11 
723 1 86 
724 2 86 14 
725 1 86 
727 3 86 11 14 
728 2 86 11 
731 3 6 86 14 
732 2 86 4 
733 1 86 
743 1 86 
744 3 1 86 12 
745 3 1 86 11 
747 1 86 
748 3 1 86 12 
755 1 86 
756 1 86 
758 1 86 
759 1 86 
761 2 86 13 
762 2 1 86 
763 2 86 9 
765 1 86 
778 1 86 
779 2 86 13 
785 3 86 12 5 
789 2 86 13 
791 1 86 
792 3 86 13 4 
796 1 86 
797 2 86 4 
799 2 6 86 
804 2 86 18 
810 2 86 13 
811 1 86 
814 2 86 18 
824 2 1 86 
827 3 1 86 12 
828 2 86 12 
835 3 86 13 18 
836 2 86 12 
838 1 86 
844 4 6 86 13 18 
846 1 86 
857 1 86 
859 1 1 
864 1 18 
865 1 18 
869 2 13 4 
873 1 4 
877 2 6 13 
878 1 1 
884 1 4 
888 1 13 
890 2 1 12 
905 3 6 13 18 
912 1 6 
915 1 12 
918 1 12 
919 2 13 4 
920 1 4 
926 1 13 
927 1 13 
928 1 13 
931 1 13 
935 1 13 
936 1 5 
970 1 6 
1004 1 12 
1006 2 13 18 
1011 2 13 18 
1015 2 6 13 
1031 1 18 
1032 2 6 13 
1043 1 13 
1046 2 13 18 
1055 1 5 
1059 2 12 5 
1061 1 18 
1068 2 6 13 
1083 2 12 4 
1086 2 1 12 
1087 2 12 5 
1100 2 6 13 
1104 1 12 
1108 1 12 
1115 1 13 
1124 2 6 13 
1127 1 18 
1128 1 4 
1130 1 4 
1138 1 18 
1139 2 13 4 
1145 1 21 
1147 1 13 
1149 2 13 18 
1152 1 13 
1155 2 1 12 
1157 1 13 
1158 1 13 
1160 1 13 
1165 3 6 13 18 
1166 1 6 
1167 1 13 
1176 1 12 
1179 1 12 
1182 1 5 
1183 1 18 
1184 1 4 
1190 1 10 
1191 2 6 13 
1199 2 13 18 
1201 1 18 
1208 1 12 
1209 3 6 13 18 
1213 1 13 
1220 2 13 18 
1226 2 6 13 
1235 2 13 18 
1245 2 6 13 
1248 2 13 4 
1250 2 6 13 
1251 2 13 18 
1255 1 12 
1258 1 13 
1267 2 12 10 
1274 1 6 
1279 3 6 13 18 
1286 1 12 
1288 1 13 
1291 1 6 
1292 1 12 
1293 1 9 
1298 1 12 
1302 1 6 
1303 2 6 13 
1315 1 18 
1321 1 13 
1322 1 4 
1323 2 1 12 
1336 1 1 
1344 2 13 18 
1349 1 10 
1350 2 13 18 
1355 1 6 
1356 1 1 
1358 1 13 
1360 1 12 
1388 1 19 
1389 2 13 10 
1392 2 22 19 
1398 1 10 
1407 1 4 
1408 2 6 19 
1417 1 12 
1421 1 12 
1425 2 6 13 
1429 2 6 13 
1436 1 13 
1442 1 4 
1449 1 13 
1458 1 13 
1459 1 4 
1463 1 13 
1467 1 1 
1469 3 6 22 19 
1470 1 6 
1479 2 13 10 
1485 2 12 4 
1488 1 13 
1490 1 12 
1492 1 12 
1501 2 6 13 
1503 1 6 
1504 1 13 
1507 1 17 
1513 3 6 13 30 
1517 1 17 
1521 2 13 30 
1526 1 6 
1531 1 10 
1538 1 9 
1540 2 6 13 
1542 1 4 
1545 1 4 
1547 1 4 
1554 1 19 
1557 2 13 30 
1565 2 47 17 
1572 1 13 
1583 2 6 13 
1586 2 6 13 
1587 3 6 22 19 
1591 1 13 
1592 1 13 
1596 2 13 30 
1598 1 13 
1614 1 13 
1615 1 17 
1621 1 13 
1635 1 13 
1637 2 47 17 
1640 1 10 
1641 1 9 
1643 1 13 
1645 2 1 13 
1648 2 13 30 
1649 2 6 13 
1650 1 19 
1654 2 6 13 
1656 2 6 13 
1657 1 10 
1660 3 6 13 30 
1667 1 9 
1668 1 13 
1674 1 17 
1685 1 4 
1689 2 6 13 
1691 1 10 
1698 1 6 
1699 1 6 
1700 1 17 
1703 1 17 
1704 1 6 
1705 1 13 
1709 2 13 30 
1714 2 13 30 
1717 1 13 
1720 1 13 
1724 1 13 
1728 1 17 
1732 1 13 
1736 1 6 
1738 2 6 13 
1739 1 17 
1741 2 6 13 
1746 1 17 
1774 2 6 13 
1777 2 6 13 
1778 1 19 
1781 2 13 30 
1790 2 6 13 
1794 1 13 
1806 1 21 
1808 1 4 
1814 1 6 
1815 1 1 
1819 2 6 13 
1820 1 13 
1822 2 6 13 
1823 2 9 13 
1829 2 47 17 
1831 1 6 
1837 1 19 
1838 2 6 13 
1839 1 9 
1853 1 4 
1856 1 6 
1861 1 17 
1865 1 19 
1866 1 9 
1867 2 34 10 
1871 1 17 
1875 1 17 
1883 2 13 4 
1884 2 6 13 
1885 2 6 13 
1891 2 13 9 
1894 1 13 
1896 1 17 
1902 1 10 
1904 1 9 
1910 1 19 
1911 1 4 
1917 1 6 
1920 2 13 30 
1925 1 13 
1929 1 17 
1932 2 6 13 
1935 1 6 
1937 1 13 
1941 1 4 
1943 1 19 
1951 1 13 
1952 2 22 19 
1962 1 13 
1963 1 17 
1965 1 6 
1967 1 13 
1976 1 6 
1977 1 4 
1980 2 6 13 
1981 2 1 13 
1984 1 9 
1986 1 13 
1987 1 13 
2003 1 19 
2006 1 17 
2008 1 1 
2018 2 13 9 
2019 2 13 10 
2024 1 13 
2027 1 19 
2028 1 19 
2030 1 1 
2033 1 6 
2036 1 6 
2040 1 13 
2041 3 6 13 30 
2044 2 13 10 
2054 2 22 19 
2059 1 1 
2060 1 4 
2065 1 19 
2077 2 47 17 
2082 2 13 30 
2084 1 1 
2088 1 13 
2092 2 6 13 
2101 1 1 
2103 2 13 30 
2104 1 19 
2108 1 19 
2121 1 17 
2127 2 13 30 
2128 1 22 
2133 1 1 
2139 1 19 
2141 1 6 
2142 1 17 
2146 1 4 
2150 1 17 
2153 2 6 22 
2155 1 19 
2156 2 22 19 
2161 2 1 34 
2162 1 22 
2172 2 22 19 
2177 2 22 19 
2183 1 19 
2191 2 6 19 
2192 1 6 
2202 1 19 
2205 2 47 17 
2208 1 4 
2214 2 22 19 
2218 1 22 
2222 2 6 22 
2226 2 6 22 
2234 1 19 
2235 1 6 
2240 1 19 
2243 2 1 34 
2251 1 4 
2261 1 17 
2269 1 17 
2273 1 6 
2278 2 6 22 
2280 1 17 
2285 1 6 
2308 1 10 
2310 2 6 22 
2313 1 19 
2323 1 17 
2324 2 9 22 
2325 3 6 22 19 
2326 1 1 
2327 1 1 
2333 1 4 
2341 1 4 
2350 1 19 
2351 2 6 22 
2352 2 6 22 
2354 1 19 
2361 1 17 
2363 1 17 
2365 2 6 22 
2367 3 6 22 19 
2370 1 6 
2380 1 17 
2383 1 19 
2387 1 22 
2394 1 22 
2405 2 6 22 
2407 1 17 
2410 1 10 
2416 2 6 22 
2424 1 17 
2430 2 6 19 
2433 1 9 
2441 2 9 22 
2447 1 6 
2450 1 19 
2452 1 9 
2458 1 9 
2463 2 22 19 
2467 1 17 
2472 2 22 23 
2479 1 22 
2481 2 6 22 
2490 1 22 
2491 2 6 22 
2498 2 22 10 
2500 1 22 
2501 1 1 
2507 1 17 
2520 2 34 10 
2524 3 6 22 19 
2528 1 17 
2533 1 23 
2540 1 6 
2541 1 22 
2544 1 23 
2550 1 22 
2553 2 22 19 
2557 1 21 
2576 2 6 22 
2583 2 22 19 
2602 2 6 19 
2605 1 19 
2614 3 6 22 19 
2615 1 33 
2623 2 17 23 
2626 1 33 
2635 1 19 
2636 1 6 
2646 2 6 33 
2651 1 6 
2653 1 1 
2654 2 33 23 
2655 2 6 33 
2662 1 23 
2665 1 17 
2670 1 23 
2675 1 6 
2679 1 33 
2691 1 19 
2693 2 33 19 
2697 2 34 10 
2700 1 23 
2705 2 1 34 
2718 1 17 
2722 2 33 19 
2727 1 19 
2728 1 23 
2737 1 33 
2738 1 6 
2750 1 17 
2758 1 19 
2765 1 33 
2767 1 17 
2771 1 6 
2772 2 1 34 
2773 2 33 19 
2774 1 33 
2779 1 6 
2782 1 19 
2798 2 6 19 
2802 1 1 
2803 1 17 
2806 1 33 
2814 1 33 
2817 2 6 33 
2818 1 17 
2829 1 6 
2833 2 6 33 
2834 2 6 33 
2835 1 6 
2840 1 10 
2843 2 47 17 
2845 1 33 
2849 2 33 23 
2851 2 33 10 
2855 1 17 
2858 2 33 19 
2868 1 6 
2873 2 17 23 
2877 1 33 
2880 1 17 
2887 2 33 19 
2895 3 6 33 19 
2905 1 19 
2909 3 6 33 19 
2913 1 33 
2916 1 1 
2919 1 23 
2921 1 19 
2922 3 27 33 19 
2927 2 33 19 
2931 2 1 39 
2932 1 39 
2934 2 1 34 
2938 1 23 
2943 2 27 39 
2948 1 39 
2954 1 17 
2965 3 27 39 46 
2978 1 39 
2986 1 17 
2988 1 17 
2992 1 39 
2993 1 39 
2999 2 20 39 
3000 2 49 19 
3013 1 17 
3015 2 27 39 
3021 2 39 23 
3023 1 17 
3028 1 1 
3030 1 27 
3031 1 39 
3032 2 27 19 
3045 1 39 
3046 1 39 
3048 1 39 
3052 1 20 
3057 2 49 19 
3061 2 34 10 
3062 1 27 
3063 1 27 
3066 1 21 
3067 1 27 
3069 1 39 
3074 2 49 19 
3075 1 17 
3076 1 39 
3081 1 19 
3083 1 23 
3085 1 39 
3086 1 17 
3090 1 10 
3092 2 27 39 
3095 1 17 
3096 1 19 
3097 2 49 19 
3098 1 27 
3099 2 27 46 
3109 1 27 
3118 1 46 
3142 1 20 
3147 1 27 
3150 1 46 
3152 1 17 
3172 1 46 
3179 2 39 23 
3180 1 39 
3183 1 46 
3184 1 39 
3189 1 20 
3203 1 27 
3208 1 20 
3230 1 39 
3232 1 39 
3235 1 27 
3241 2 27 46 
3243 1 1 
3253 2 39 46 
3257 1 17 
3259 1 39 
3261 1 39 
3262 1 17 
3269 2 39 46 
3273 1 10 
3278 1 46 
3293 2 27 46 
3304 1 17 
3309 1 17 
3313 1 46 
3322 1 23 
3333 1 23 
3337 1 39 
3340 2 39 23 
3346 1 27 
3349 2 17 16 
3351 1 39 
3356 1 27 
3357 2 1 34 
3358 2 27 39 
3360 1 27 
3365 1 27 
3367 1 10 
3369 1 1 
3373 1 39 
3376 1 27 
3392 2 47 17 
3398 2 27 39 
3399 2 47 17 
3407 2 39 46 
3423 2 39 46 
3433 2 17 23 
3435 1 27 
3451 1 27 
3455 1 46 
3456 1 23 
3457 1 27 
3461 1 39 
3464 1 39 
3466 1 39 
3468 1 23 
3470 1 10 
3473 2 39 10 
3482 1 27 
3491 1 39 
3500 2 34 10 
3503 1 10 
3504 2 27 39 
3507 1 46 
3518 1 46 
3524 1 39 
3529 2 27 46 
3535 2 27 39 
3538 2 39 46 
3540 2 39 46 
3543 1 23 
3551 1 1 
3554 2 39 23 
3558 1 46 
3562 1 39 
3574 1 46 
3575 1 46 
3577 1 39 
3580 1 46 
3582 1 17 
3585 1 39 
3586 1 1 
3589 1 1 
3590 2 17 23 
3594 1 10 
3599 2 17 23 
3606 1 46 
3610 1 27 
3612 1 39 
3615 2 39 46 
3616 2 47 17 
3621 1 47 
3622 1 39 
3627 1 27 
3631 1 27 
3633 3 27 39 46 
3634 2 39 10 
3642 2 34 10 
3643 1 27 
3650 1 46 
3657 1 17 
3660 2 39 23 
3661 1 23 
3662 1 43 
3666 2 27 46 
3668 1 20 
3673 1 20 
3676 1 46 
3679 2 39 46 
3681 1 17 
3708 3 27 39 46 
3713 1 43 
3717 1 39 
3720 1 39 
3723 2 39 46 
3726 1 39 
3730 1 39 
3741 1 27 
3744 1 39 
3755 1 39 
3756 1 47 
3757 1 27 
3761 1 39 
3774 1 43 
3775 2 39 46 
3780 1 46 
3785 1 27 
3786 1 39 
3787 2 39 46 
3789 1 39 
3790 1 47 
3791 1 46 
3796 2 17 43 
3800 1 17 
3812 1 27 
3820 2 27 39 
3822 1 39 
3837 1 27 
3842 1 17 
3845 1 43 
3851 1 27 
3853 1 43 
3856 2 39 46 
3858 2 39 46 
3864 1 10 
3867 2 27 39 
3868 1 10 
3869 1 43 
3874 1 17 
3877 1 27 
3878 1 46 
3889 2 39 46 
3898 1 39 
3899 1 39 
3912 1 39 
3915 2 17 16 
3918 2 48 17 
3919 2 48 39 
3933 2 27 39 
3935 2 17 43 
3939 1 43 
3941 1 48 
3943 1 39 
3946 2 48 17 
3951 1 39 
3955 1 17 
3956 1 21 
3961 2 39 46 
3965 1 48 
3974 3 27 39 46 
3979 1 27 
3980 1 39 
3983 1 27 
3984 1 39 
3993 2 27 46 
3997 2 27 39 
3998 1 17 
4000 1 20 
4002 1 39 
4005 2 27 46 
4008 1 48 
4009 2 27 46 
4014 1 27 
4015 2 39 46 
4023 1 39 
4026 2 48 39 
4030 1 27 
4042 2 17 43 
4043 3 27 39 46 
4046 1 27 
4047 2 48 17 
4049 2 27 39 
4052 1 50 
4053 1 48 
4058 1 10 
4073 1 27 
4075 1 27 
4084 2 17 16 
4086 1 27 
4088 2 48 17 
4099 1 46 
4108 1 50 
4113 1 46 
4120 1 27 
4122 1 39 
4128 1 39 
4139 1 39 
4140 1 46 
4144 1 39 
4148 1 46 
4151 2 39 46 
4155 1 39 
4156 1 27 
4159 1 17 
4162 1 46 
4171 2 27 39 
4177 1 46 
4178 1 27 
4179 1 46 
4184 2 48 49 
4187 2 49 46 
4190 2 34 10 
4193 2 49 46 
4199 1 48 
4200 1 27 
4202 2 34 50 
4203 2 17 98 
4210 1 50 
4212 1 10 
4214 2 27 49 
4216 1 17 
4217 1 49 
4220 1 49 
4222 2 49 20 
4223 2 49 46 
4224 1 27 
4226 1 49 
4228 1 49 
4231 1 46 
4236 1 17 
4240 2 48 17 
4250 2 48 17 
4262 1 49 
4266 1 46 
4267 1 49 
4284 1 49 
4286 2 34 10 
4290 1 27 
4300 2 27 46 
4305 1 46 
4306 1 49 
4316 1 46 
4317 1 17 
4319 1 49 
4322 1 49 
4327 3 27 49 46 
4328 1 48 
4338 2 27 46 
4341 1 17 
4344 1 17 
4347 1 48 
4349 1 49 
4352 2 34 10 
4354 1 49 
4355 1 50 
4358 1 10 
4368 1 49 
4369 1 27 
4374 1 17 
4375 1 27 
4382 1 27 
4386 1 49 
4390 2 49 46 
4393 1 49 
4398 1 50 
4416 1 46 
4418 1 48 
4419 1 49 
4420 2 48 49 
4421 2 49 20 
4424 1 10 
4431 1 48 
4434 1 27 
4435 1 46 
4439 1 50 
4444 1 49 
4460 1 31 
4465 1 49 
4468 2 48 17 
4470 2 48 49 
4474 1 49 
4475 1 17 
4476 1 31 
4480 2 34 10 
4484 1 17 
4486 1 31 
4515 2 31 49 
4519 1 46 
4520 1 34 
4521 1 31 
4525 1 50 
4530 1 49 
4531 2 49 46 
4535 2 49 50 
4544 2 31 49 
4546 1 49 
4550 2 48 34 
4551 1 34 
4552 2 31 49 
4561 1 31 
4565 1 34 
4574 2 34 10 
4576 1 10 
4583 1 49 
4586 1 10 
4595 1 49 
4599 1 48 
4601 1 10 
4608 2 49 46 
4610 1 34 
4612 1 31 
4613 2 34 50 
4614 2 48 34 
4623 1 49 
4630 1 34 
4640 2 31 49 
4642 2 31 49 
4644 1 20 
4645 1 50 
4671 1 20 
4672 2 49 46 
4678 1 31 
4685 1 31 
4686 1 20 
4687 1 49 
4692 1 50 
4694 2 34 10 
4695 1 49 
4698 1 50 
4703 1 34 
4706 1 46 
4712 1 48 
4713 1 34 
4717 2 31 49 
4723 1 10 
4726 2 31 49 
4730 1 46 
4734 1 34 
4736 1 50 
4737 1 34 
4754 1 31 
4758 1 46 
4760 1 50 
4762 1 49 
4764 1 49 
4778 1 10 
4786 2 48 34 
4794 1 46 
4796 1 10 
4800 1 46 
4804 2 31 49 
4807 1 49 
4814 1 20 
4815 1 49 
4817 1 49 
4824 1 31 
4834 1 50 
4835 1 34 
4836 1 46 
4843 2 49 46 
4847 2 31 49 
4848 1 49 
4859 1 34 
4862 2 31 46 
4868 2 49 46 
4880 2 49 53 
4883 1 49 
4885 1 53 
4886 2 49 50 
4897 1 49 
4914 1 20 
4915 2 49 53 
4916 1 49 
4918 1 34 
4922 1 20 
4930 1 31 
4932 1 34 
4935 2 49 53 
4937 2 31 53 
4940 1 49 
4942 1 34 
4943 1 49 
4944 1 34 
4945 2 34 50 
4954 1 49 
4959 1 49 
4961 1 31 
4963 1 53 
4966 1 49 
4968 1 50 
4983 1 49 
4989 2 49 53 
4991 1 49 
4992 1 50 
4997 1 31 
4998 1 49 
4999 1 48 
5002 1 56 
5012 1 31 
5013 1 56 
5023 1 31 
5029 1 56 
5030 1 50 
5035 1 31 
5039 2 31 56 
5040 1 53 
5053 1 56 
5060 1 48 
5061 1 50 
5062 3 31 56 53 
5069 2 31 53 
5075 1 50 
5077 1 20 
5081 1 53 
5087 2 48 76 
5089 1 53 
5095 1 56 
5103 2 31 56 
5111 1 56 
5121 1 53 
5122 1 53 
5123 2 31 53 
5124 1 56 
5127 2 56 53 
5128 1 53 
5145 2 31 53 
5149 1 10 
5161 1 48 
5162 1 10 
5163 1 31 
5168 1 53 
5172 1 76 
5178 1 76 
5182 1 10 
5184 1 76 
5191 1 31 
5194 2 56 53 
5196 1 56 
5197 1 56 
5208 2 56 53 
5211 1 10 
5220 1 50 
5221 2 56 53 
5224 1 48 
5227 1 53 
5232 1 56 
5240 2 31 53 
5251 1 56 
5257 2 56 50 
5262 1 20 
5269 2 56 53 
5276 2 56 53 
5278 1 53 
5280 3 31 56 53 
5283 1 53 
5285 1 56 
5288 1 76 
5289 1 48 
5292 2 31 53 
5293 1 53 
5294 1 53 
5300 1 10 
5301 1 53 
5307 2 56 53 
5310 1 56 
5311 2 31 56 
5316 1 31 
5317 1 56 
5324 1 53 
5332 2 56 53 
5341 1 48 
5347 2 48 76 
5352 1 56 
5353 2 31 56 
5354 1 53 
5363 3 31 56 53 
5365 2 48 76 
5370 1 76 
5379 1 56 
5380 1 31 
5382 2 48 56 
5388 1 10 
5390 1 56 
5394 2 31 56 
5395 2 31 56 
5397 1 50 
5401 2 31 56 
5403 1 76 
5408 1 53 
5409 1 20 
5411 1 20 
5418 1 76 
5421 1 76 
5428 1 53 
5440 1 56 
5441 1 10 
5449 1 10 
5452 1 48 
5463 1 50 
5465 1 31 
5467 1 48 
5470 1 56 
5472 1 56 
5473 1 53 
5476 1 76 
5478 2 31 53 
5481 1 76 
5494 1 31 
5501 1 21 
5503 2 56 53 
5506 1 76 
5508 2 56 10 
5512 2 56 53 
5520 1 56 
5522 1 56 
5523 2 56 53 
5541 2 56 53 
5553 1 53 
5555 1 31 
5556 2 48 76 
5560 2 31 53 
5566 1 50 
5570 2 31 53 
5574 2 48 76 
5581 1 31 
5584 1 50 
5596 1 31 
5597 1 50 
5604 1 56 
5609 1 31 
5610 1 56 
5612 2 20 56 
5621 2 48 76 
5622 2 31 56 
5628 1 50 
5629 1 10 
5633 1 10 
5638 1 50 
5642 2 78 10 
5643 1 50 
5648 3 31 56 53 
5651 1 56 
5652 1 56 
5657 1 48 
5658 3 31 56 53 
5667 1 20 
5668 1 50 
5671 1 48 
5673 1 50 
5676 2 56 53 
5679 2 56 53 
5680 2 31 53 
5682 1 10 
5692 1 56 
5693 1 56 
5698 2 56 50 
5699 2 31 56 
5707 1 48 
5708 2 78 50 
5714 1 31 
5716 1 50 
5721 2 31 56 
5727 1 31 
5728 2 31 56 
5733 1 56 
5734 2 38 56 
5735 1 53 
5739 1 76 
5743 1 56 
5744 2 56 53 
5756 1 53 
5761 1 50 
5766 1 76 
5773 2 56 50 
5776 2 38 56 
5779 1 53 
5780 1 50 
5784 1 53 
5800 1 48 
5804 2 56 20 
5806 1 38 
5807 1 56 
5812 1 76 
5819 1 53 
5830 2 38 53 
5834 1 76 
5843 2 56 53 
5848 1 56 
5849 1 10 
5854 1 10 
5857 1 76 
5860 1 10 
5868 1 53 
5880 1 38 
5888 1 76 
5889 1 20 
5890 2 38 56 
5899 1 38 
5901 1 53 
5903 1 10 
5906 1 56 
5908 1 50 
5910 2 69 54 
5915 1 54 
5917 1 38 
5924 2 48 76 
5928 1 50 
5937 1 69 
5941 1 76 
5943 1 69 
5945 1 38 
5948 2 38 69 
5949 1 76 
5955 1 69 
5956 2 48 69 
5959 1 38 
5965 1 76 
5967 1 69 
5970 1 38 
5976 1 76 
5980 2 38 69 
5989 1 54 
5990 1 76 
5998 1 54 
5999 1 76 
6004 1 48 
6007 1 76 
6014 2 38 69 
6018 1 38 
6022 1 76 
6033 2 78 10 
6038 1 38 
6046 1 10 
6054 2 38 69 
6070 1 69 
6074 1 48 
6077 1 69 
6081 1 76 
6082 2 69 54 
6087 1 48 
6090 1 69 
6093 1 54 
6094 1 76 
6108 1 48 
6112 1 50 
6113 1 69 
6115 1 10 
6134 1 50 
6135 1 50 
6145 2 69 54 
6149 1 69 
6152 2 69 54 
6159 1 54 
6160 1 10 
6162 1 76 
6172 1 38 
6176 1 50 
6182 1 69 
6193 1 20 
6198 2 38 69 
6208 2 48 69 
6210 2 69 54 
6213 2 48 76 
6220 1 69 
6222 1 69 
6223 2 42 54 
6224 1 38 
6225 1 76 
6228 2 69 50 
6247 1 38 
6252 1 50 
6270 2 78 10 
6275 1 10 
6276 1 69 
6285 1 76 
6293 1 10 
6296 1 76 
6297 1 10 
6298 3 38 69 57 
6299 1 48 
6303 1 38 
6314 1 10 
6319 2 38 69 
6321 1 76 
6324 2 69 54 
6332 3 38 69 57 
6340 1 69 
6346 1 50 
6351 2 38 69 
6361 1 69 
6369 2 38 69 
6370 1 50 
6371 2 69 57 
6377 2 69 57 
6380 1 50 
6382 1 21 
6386 1 57 
6388 1 10 
6394 1 38 
6396 1 10 
6398 1 50 
6407 1 69 
6410 1 69 
6418 1 76 
6428 2 69 57 
6429 1 57 
6431 1 76 
6434 2 69 50 
6438 2 69 57 
6441 2 48 76 
6443 2 48 76 
6452 2 38 69 
6459 2 69 57 
6466 1 20 
6471 1 69 
6485 2 69 57 
6486 1 57 
6496 1 76 
6506 1 76 
6524 2 38 57 
6525 1 57 
6529 1 38 
6531 1 69 
6532 1 38 
6536 1 69 
6538 1 76 
6543 1 57 
6545 2 38 69 
6547 1 38 
6550 1 38 
6555 1 69 
6556 1 69 
6559 2 51 76 
6562 2 69 50 
6563 1 57 
6566 1 76 
6567 1 57 
6570 1 10 
6586 1 57 
6592 2 69 57 
6594 1 57 
6595 1 57 
6617 1 76 
6621 2 69 57 
6623 2 51 76 
6629 1 76 
6630 2 38 57 
6640 1 57 
6649 2 38 69 
6651 2 51 76 
6662 1 69 
6664 1 38 
6665 2 69 57 
6671 1 51 
6672 1 51 
6674 1 69 
6684 1 50 
6691 1 76 
6692 1 69 
6695 1 69 
6707 1 50 
6710 1 76 
6711 1 76 
6716 2 69 50 
6718 2 69 57 
6721 1 38 
6723 2 69 57 
6733 2 38 69 
6735 2 38 57 
6742 1 69 
6744 1 69 
6746 2 38 57 
6756 1 69 
6771 2 38 57 
6773 2 76 98 
6783 1 76 
6794 2 69 10 
6799 1 50 
6800 2 69 57 
6801 1 69 
6803 2 76 98 
6804 1 50 
6807 1 50 
6814 1 76 
6822 2 51 76 
6824 1 57 
6829 3 38 69 57 
6830 1 76 
6845 1 57 
6846 1 20 
6848 1 69 
6851 1 69 
6854 1 20 
6855 1 76 
6856 2 38 57 
6858 1 69 
6862 1 10 
6873 1 38 
6874 1 61 
6878 1 38 
6885 1 76 
6887 2 38 61 
6894 2 76 16 
6896 1 69 
6906 1 51 
6908 1 38 
6914 1 20 
6919 1 76 
6929 1 76 
6942 1 38 
6943 1 76 
6945 1 76 
6949 1 61 
6951 2 76 16 
6964 1 51 
6965 1 69 
6966 1 69 
6968 1 38 
6970 1 69 
6976 1 50 
6981 1 69 
6982 2 69 50 
6989 2 69 61 
6990 1 76 
6998 1 10 
7011 2 51 76 
7012 1 38 
7020 1 69 
7031 2 69 20 
7034 2 69 61 
7037 1 50 
7038 1 50 
7039 2 78 50 
7040 1 61 
7043 2 69 61 
7044 2 38 69 
7045 1 69 
7048 1 61 
7051 1 69 
7072 1 51 
7090 1 61 
7091 2 69 61 
7095 2 69 61 
7096 1 51 
7101 1 20 
7111 1 20 
7115 1 10 
7120 1 51 
7121 2 69 50 
7137 1 61 
7138 1 50 
7141 1 76 
7153 2 38 61 
7154 1 61 
7155 1 69 
7165 1 10 
7178 2 38 69 
7179 1 61 
7182 1 61 
7183 2 78 50 
7184 1 50 
7185 2 69 61 
7187 2 69 67 
7193 1 67 
7194 2 69 67 
7198 1 20 
7202 1 67 
7206 1 98 
7213 1 98 
7225 1 98 
7238 2 38 69 
7243 1 51 
7249 1 69 
7251 1 67 
7260 1 51 
7264 1 76 
7265 1 38 
7268 2 51 76 
7274 1 73 
7276 1 98 
7284 1 73 
7285 1 73 
7286 1 98 
7294 1 67 
7296 2 38 73 
7305 2 73 67 
7306 1 51 
7308 3 38 73 67 
7313 1 67 
7319 2 42 67 
7321 1 76 
7324 1 67 
7325 1 76 
7329 1 73 
7334 1 73 
7338 1 67 
7341 1 67 
7342 1 76 
7343 2 73 67 
7350 1 51 
7358 2 42 73 
7359 1 42 
7361 2 73 67 
7368 1 67 
7370 1 16 
7372 2 73 16 
7374 1 42 
7378 2 42 67 
7379 1 42 
7382 1 98 
7383 1 76 
7388 1 51 
7389 1 67 
7393 1 51 
7396 1 76 
7397 1 20 
7407 1 73 
7413 1 42 
7421 1 16 
7427 1 67 
7430 1 73 
7438 2 42 67 
7445 2 73 67 
7449 2 76 16 
7453 2 42 73 
7455 1 98 
7459 1 42 
7470 2 73 67 
7471 1 67 
7476 1 67 
7477 1 73 
7487 1 76 
7489 1 98 
7491 1 67 
7504 2 51 76 
7507 2 42 73 
7512 1 20 
7521 1 73 
7526 2 42 73 
7529 1 67 
7530 1 98 
7532 1 76 
7550 2 42 67 
7554 1 98 
7558 1 42 
7570 1 67 
7571 1 42 
7573 1 76 
7586 1 73 
7590 2 51 76 
7593 1 67 
7594 1 76 
7599 2 76 16 
7601 1 51 
7610 2 73 16 
7611 2 42 73 
7616 1 73 
7620 2 42 67 
7645 2 76 16 
7652 2 42 73 
7653 1 73 
7654 1 51 
7655 1 20 
7656 1 98 
7660 1 73 
7663 1 67 
7670 1 98 
7675 2 42 67 
7677 1 42 
7678 2 42 73 
7681 1 73 
7682 2 73 98 
7683 3 42 73 67 
7688 1 51 
7692 1 51 
7695 1 73 
7699 1 42 
7727 1 67 
7729 1 98 
7745 1 75 
7751 1 98 
7763 2 42 75 
7764 1 73 
7767 1 16 
7772 2 42 73 
7773 1 76 
7774 1 73 
7776 2 51 76 
7786 1 42 
7793 1 42 
7794 3 42 73 75 
7800 2 73 75 
7809 1 73 
7811 1 20 
7812 1 75 
7822 1 16 
7829 2 42 73 
7830 1 76 
7833 2 42 75 
7835 1 42 
7841 2 42 75 
7848 1 98 
7852 2 73 75 
7855 2 42 75 
7856 1 73 
7858 1 73 
7859 1 42 
7865 1 75 
7866 2 73 75 
7877 1 20 
7879 1 16 
7887 1 73 
7890 1 51 
7892 1 73 
7895 1 76 
7897 1 20 
7898 1 42 
7900 1 73 
7902 2 42 75 
7906 1 20 
7910 1 85 
7914 1 73 
7918 1 42 
7920 1 73 
7922 1 98 
7926 2 42 73 
7928 1 73 
7929 1 42 
7940 1 73 
7942 1 98 
7944 1 73 
7946 1 85 
7962 2 73 20 
7972 1 73 
7980 2 42 73 
7983 2 42 85 
7989 1 51 
7991 1 73 
7996 1 73 
8003 1 51 
8006 1 42 
8014 1 73 
8015 1 98 
8018 1 16 
8021 1 76 
8024 1 85 
8028 2 45 73 
8032 2 45 73 
8036 1 73 
8040 1 16 
8043 1 45 
8058 1 73 
8070 2 51 73 
8075 1 73 
8085 1 45 
8087 1 45 
8089 1 16 
8092 2 45 73 
8096 1 73 
8101 1 85 
8123 2 74 85 
8124 1 45 
8138 1 16 
8139 1 73 
8148 1 76 
8168 1 76 
8173 1 45 
8174 1 85 
8175 2 76 16 
8179 2 74 85 
8182 2 45 85 
8183 1 85 
8185 1 73 
8188 1 76 
8189 1 85 
8193 1 73 
8194 2 73 98 
8195 1 51 
8198 1 76 
8200 2 74 85 
8204 2 51 76 
8205 2 45 73 
8214 1 45 
8215 1 85 
8218 1 73 
8221 1 98 
8227 1 20 
8235 1 73 
8239 1 45 
8247 2 76 16 
8254 1 98 
8256 2 45 73 
8260 2 45 73 
8263 1 45 
8272 1 73 
8274 1 73 
8289 1 73 
8292 1 73 
8300 1 98 
8302 2 51 76 
8308 1 51 
8325 1 76 
8330 2 45 73 
8331 2 76 16 
8333 1 45 
8342 1 76 
8347 1 51 
8349 1 76 
8350 2 45 73 
8361 1 51 
8364 1 73 
8368 1 16 
8375 1 51 
8378 1 73 
8381 2 45 73 
8393 1 51 
8396 1 73 
8416 2 45 73 
8417 1 73 
8423 2 51 76 
8427 1 21 
8451 1 45 
8472 1 73 
8477 1 73 
8481 2 45 73 
8496 1 51 
8499 1 73 
8500 1 98 
8509 2 73 98 
8512 2 76 16 
8515 1 76 
8516 1 98 
8522 1 73 
8523 1 73 
8534 1 16 
8538 2 45 73 
8540 1 76 
8542 1 73 
8546 2 51 76 
8552 1 76 
8557 1 16 
8573 1 51 
8575 2 51 73 
8579 1 73 
8584 1 73 
8586 1 78 
8594 2 45 73 
8606 2 51 78 
8607 1 73 
8622 1 78 
8627 1 73 
8633 2 78 98 
8638 1 51 
8640 2 45 73 
8645 1 73 
8649 2 78 98 
8652 1 51 
8655 1 45 
8658 1 98 
8668 1 45 
8678 1 73 
8680 1 73 
8706 1 73 
8715 1 73 
8717 2 45 73 
8723 1 98 
8734 1 98 
8740 1 73 
8745 2 45 73 
8746 1 73 
8747 1 73 
8749 1 73 
8752 1 78 
8754 2 45 73 
8756 1 98 
8758 1 73 
8765 1 16 
8766 2 51 73 
8767 2 73 98 
8785 1 78 
8788 1 21 
8789 1 45 
8795 1 73 
8797 1 73 
8802 1 73 
8809 1 73 
8812 1 45 
8828 1 73 
8833 2 89 98 
8835 1 51 
8843 1 73 
8855 2 45 73 
8872 1 74 
8873 2 45 74 
8874 1 98 
8879 1 74 
8883 1 74 
8890 1 45 
8894 1 45 
8900 1 89 
8905 2 51 89 
8906 1 89 
8909 1 74 
8910 1 45 
8922 1 45 
8931 1 98 
8935 1 98 
8936 1 89 
8946 1 98 
8950 1 45 
8955 1 98 
8957 1 45 
8958 1 98 
8962 1 98 
8963 1 74 
8965 1 89 
8967 1 51 
8970 1 74 
8971 1 89 
8975 2 51 89 
8977 1 74 
8981 2 45 74 
8982 2 45 74 
8987 2 45 74 
8992 1 45 
8995 1 89 
9006 1 74 
9010 1 45 
9025 1 16 
9026 2 51 89 
9035 2 45 74 
9037 1 74 
9039 1 45 
9041 1 98 
9048 2 51 89 
9060 2 51 89 
9086 1 45 
9089 1 45 
9097 1 74 
9101 1 89 
9103 1 98 
9104 1 74 
9114 1 89 
9115 1 51 
9122 2 45 74 
9135 1 51 
9136 1 51 
9137 1 98 
9148 1 98 
9161 1 74 
9168 2 45 74 
9173 1 98 
9174 1 51 
9186 1 74 
9199 2 45 74 
9206 1 45 
9207 1 74 
9208 1 74 
9210 1 74 
9218 2 77 16 
9225 1 45 
9226 1 51 
9230 1 51 
9234 1 51 
9246 1 51 
9247 1 16 
9251 1 45 
9253 1 98 
9256 1 45 
9257 1 77 
9268 2 45 77 
9272 2 45 77 
9274 1 16 
9277 1 98 
9278 1 45 
9289 1 51 
9304 1 77 
9305 1 51 
9309 1 77 
9316 1 77 
9319 1 77 
9328 1 98 
9331 2 77 98 
9337 2 45 77 
9338 2 77 98 
9347 2 45 77 
9356 1 77 
9360 1 45 
9371 1 77 
9373 1 77 
9379 2 45 77 
9382 1 77 
9386 1 51 
9388 1 98 
9394 1 98 
9399 1 45 
9401 2 77 98 
9406 1 77 
9411 1 77 
9413 1 77 
9415 1 98 
9420 2 45 77 
9430 1 51 
9432 1 51 
9433 1 45 
9434 2 77 16 
9438 1 77 
9444 2 77 98 
9447 1 98 
9453 1 45 
9454 1 45 
9457 1 77 
9459 1 98 
9468 1 45 
9469 1 100 
9470 1 77 
9471 1 77 
9482 1 77 
9484 1 77 
9490 1 77 
9500 1 77 
9504 2 45 77 
9515 1 45 
9517 1 77 
9521 1 100 
9543 1 77 
9546 2 45 77 
9550 2 77 16 
9551 1 77 
9553 2 45 77 
9554 1 77 
9560 1 77 
9572 1 77 
9575 1 77 
9592 1 51 
9594 1 51 
9597 2 45 77 
9599 2 45 77 
9602 1 16 
9609 1 21 
9611 2 45 77 
9613 1 77 
9616 1 77 
9634 1 100 
9643 2 45 77 
9645 1 77 
9646 1 16 
9654 1 100 
9661 1 77 
9667 1 51 
9671 1 45 
9674 1 45 
9678 1 100 
9690 1 77 
9700 1 77 
9714 2 45 77 
9727 1 77 
9740 2 45 77 
9743 1 21 
9744 1 16 
9764 1 51 
9766 2 77 16 
9769 1 77 
9782 2 51 77 
9788 1 77 
9819 1 77 
9820 1 51 
9827 1 16 
9840 1 77 
9853 1 45 
9855 1 45 
9856 1 100 
9872 2 45 77 
9877 2 77 100 
9882 1 77 
9887 1 51 
9890 2 45 77 
9900 1 45 
9901 2 77 100 
9904 1 45 
9906 1 45 
9913 1 77 
9932 1 77 
9956 2 51 77 
9966 1 45 
9969 1 51 
9986 1 77 
9987 2 45 77 
10000 1 77 
10013 1 45 
10027 2 58 77 
10028 2 77 16 
10030 1 58 
10031 1 21 
10044 1 100 
10049 1 77 
10063 1 77 
10071 1 100 
10084 1 21 
10085 1 100 
10089 1 58 
10091 1 21 
10095 1 77 
10096 1 100 
10097 1 100 
10104 1 77 
10106 1 58 
10107 1 77 
10108 1 100 
10111 1 21 
10129 1 77 
10130 1 77 
10139 2 58 77 
10141 1 77 
10150 1 77 
10160 2 58 77 
10162 2 77 100 
10182 2 58 77 
10184 1 100 
10191 1 77 
10207 1 51 
10209 1 77 
10211 1 51 
10250 1 58 
10255 1 77 
10256 2 58 77 
10258 1 100 
10266 1 77 
10271 1 77 
10279 1 16 
10282 1 77 
10285 1 100 
10290 1 58 
10300 1 77 
10305 1 100 
10307 1 77 
10313 1 77 
10318 1 77 
10324 1 58 
10327 1 58 
10340 1 77 
10343 1 51 
10348 2 58 77 
10355 2 58 77 
10362 1 51 
10366 1 77 
10395 1 20 
10396 1 77 
10399 1 100 
10403 1 100 
10405 1 77 
10406 2 58 77 
10409 1 100 
10413 2 58 77 
10415 1 77 
10416 2 58 77 
10438 1 77 
10445 2 77 26 
10447 2 58 77 
10453 2 77 100 
10455 1 58 
10460 1 77 
10464 1 77 
10465 1 58 
10468 1 77 
10474 1 77 
10475 1 100 
10476 1 26 
10489 1 58 
10492 1 58 
10496 1 77 
10497 1 100 
10498 1 77 
10505 1 16 
10532 2 58 77 
10547 1 100 
10548 1 51 
10558 2 58 77 
10563 1 77 
10564 2 58 77 
10570 1 77 
10574 1 77 
10575 1 77 
10581 1 77 
10596 1 77 
10600 1 77 
10601 2 77 100 
10610 1 51 
10614 2 58 84 
10632 1 58 
10633 1 84 
10634 1 84 
10642 1 84 
10644 1 100 
10646 2 58 84 
10652 1 100 
10654 1 84 
10663 1 84 
10668 1 51 
10672 2 58 84 
10683 2 58 84 
10687 1 51 
10690 2 58 84 
10692 1 16 
10700 1 58 
10701 1 100 
10705 1 84 
10708 1 100 
10710 1 84 
10729 1 84 
10741 1 100 
10743 1 100 
10749 1 51 
10754 2 58 84 
10759 1 16 
10764 1 92 
10765 1 92 
10776 2 58 92 
10779 1 92 
10785 2 92 16 
10794 1 92 
10802 1 92 
10803 1 92 
10804 1 92 
10805 1 29 
10807 1 29 
10811 1 21 
10828 1 92 
10833 1 29 
10838 1 92 
10843 2 58 92 
10855 2 92 100 
10856 1 92 
10866 1 92 
10871 2 92 29 
10876 1 51 
10888 2 92 100 
10890 1 26 
10891 2 58 92 
10892 1 100 
10901 1 92 
10917 1 92 
10930 1 92 
10937 1 92 
10941 1 92 
10950 1 92 
10967 1 92 
10976 1 29 
10984 1 29 
10986 1 100 
10989 1 100 
10992 2 92 29 
11012 1 29 
11021 1 100 
11033 1 100 
11035 1 92 
11037 1 58 
11043 1 58 
11048 1 92 
11050 2 52 92 
11064 1 29 
11066 1 100 
11068 1 100 
11078 1 92 
11079 1 58 
11083 1 58 
11084 1 92 
11087 1 92 
11088 2 58 92 
11091 1 58 
11092 1 92 
11094 1 58 
11104 1 92 
11109 1 100 
11112 1 100 
11126 1 92 
11127 1 58 
11131 1 29 
11133 1 92 
11141 1 21 
11144 1 100 
11146 1 58 
11153 1 58 
11154 1 58 
11160 2 58 92 
11168 1 92 
11170 1 52 
11171 1 92 
11173 1 92 
11175 1 92 
11178 1 58 
11179 1 92 
11182 1 92 
11206 2 58 92 
11212 1 92 
11219 1 92 
11228 1 52 
11248 2 58 92 
11256 1 92 
11260 1 92 
11270 2 92 29 
11272 1 58 
11288 1 92 
11295 1 58 
11296 2 58 92 
11308 1 92 
11318 1 58 
11323 1 26 
11349 1 92 
11352 1 52 
11358 1 58 
11364 1 92 
11367 1 29 
11372 1 58 
11373 1 29 
11379 1 92 
11380 1 92 
11394 1 26 
11395 1 52 
11401 1 29 
11404 1 92 
11405 1 92 
11406 1 29 
11407 1 29 
11413 1 52 
11418 2 58 92 
11444 1 52 
11450 1 52 
11456 1 92 
11457 1 26 
11461 1 29 
11470 1 92 
11475 1 92 
11478 1 52 
11480 1 26 
11492 1 92 
11494 1 92 
11495 1 58 
11500 1 92 
11507 2 58 92 
11514 1 92 
11518 1 92 
11519 1 58 
11520 1 92 
11533 1 52 
11543 1 92 
11553 1 52 
11555 2 58 92 
11565 2 58 92 
11573 1 92 
11575 2 92 26 
11582 2 92 29 
11585 1 92 
11599 1 58 
11602 2 52 92 
11607 2 92 32 
11611 1 52 
11613 1 58 
11623 1 92 
11624 1 32 
11625 2 58 92 
11634 2 58 92 
11635 1 58 
11643 1 65 
11652 1 32 
11656 2 58 92 
11657 1 92 
11668 1 58 
11679 1 32 
11680 2 58 92 
11683 1 58 
11686 1 32 
11687 1 92 
11689 1 92 
11693 1 58 
11694 1 92 
11699 1 92 
11700 1 92 
11726 1 58 
11728 1 92 
11729 1 65 
11735 2 58 92 
11759 1 65 
11763 1 92 
11773 1 58 
11785 1 58 
11787 1 26 
11789 1 92 
11797 1 92 
11808 1 92 
11811 1 65 
11845 2 58 92 
11851 1 92 
11860 2 92 32 
11866 1 92 
11891 1 65 
11892 1 92 
11898 1 92 
11902 1 65 
11904 1 65 
11908 1 32 
11923 1 58 
11926 1 58 
11931 1 32 
11935 1 65 
11947 1 58 
11960 1 58 
11965 1 32 
11970 1 58 
11973 1 32 
11976 1 32 
11992 1 32 
11994 1 58 
11996 1 58 
12001 1 65 
12003 1 58 
12012 1 58 
12016 1 58 
12023 1 58 
12041 1 58 
12049 1 26 
12054 1 58 
12069 1 65 
12097 1 65 
12118 1 65 
12127 1 58 
12152 1 58 
12153 1 58 
12172 1 65 
12177 1 65 
12179 1 32 
12180 1 26 
12182 1 58 
12185 1 58 
12194 1 58 
12196 1 32 
12203 1 26 
12206 1 65 
12220 1 65 
12225 1 58 
12249 1 58 
12261 1 58 
12267 1 32 
12268 1 37 
12296 1 58 
12316 1 58 
12338 1 58 
12355 1 58 
12370 1 21 
12376 1 37 
12392 1 58 
12393 1 58 
12397 1 58 
12404 1 58 
12427 1 58 
12437 1 58 
12439 1 58 
12489 1 58 
12502 1 58 
12511 1 58 
12525 1 58 
12527 1 65 
12552 1 65 
12568 1 65 
12573 1 65 
12609 1 37 
12616 1 58 
12643 1 37 
12695 1 58 
12712 1 21 
12736 1 21 
12737 1 58 
12740 1 26 
12759 1 58 
12768 1 58 
12774 1 58 
12782 1 58 
12785 1 58 
12788 1 58 
12806 1 58 
12834 1 58 
12837 1 58 
12840 1 65 
12849 1 58 
12850 1 58 
12869 1 65 
12871 1 65 
12877 1 37 
12896 1 65 
12898 1 28 
12962 1 28 
12967 1 37 
12974 1 58 
12976 1 37 
12978 1 58 
12980 1 37 
13005 1 65 
13014 1 58 
13039 1 65 
13045 1 58 
13050 1 37 
13055 1 58 
13062 1 28 
13075 1 28 
13077 1 58 
13092 1 58 
13097 1 37 
13127 1 58 
13132 1 58 
13142 1 58 
13143 1 58 
13145 1 58 
13147 1 59 
13165 1 65 
13170 1 59 
13185 1 65 
13197 1 65 
13204 1 59 
13243 1 37 
13258 1 28 
13268 1 37 
13284 1 59 
13290 1 59 
13291 1 59 
13294 1 65 
13296 1 59 
13307 1 59 
13310 1 59 
13314 1 59 
13320 1 59 
13354 1 59 
13368 1 37 
13388 1 28 
13408 1 66 
13419 1 28 
13421 1 37 
13433 1 37 
13473 1 66 
13483 1 66 
13494 1 65 
13524 1 66 
13533 1 66 
13535 1 66 
13557 1 66 
13559 1 66 
13574 1 66 
13588 1 66 
13599 1 66 
13608 1 66 
13624 1 28 
13629 1 66 
13636 1 37 
13655 1 65 
13678 1 66 
13684 1 66 
13695 1 66 
13703 1 66 
13705 1 65 
13713 1 66 
13726 1 71 
13737 1 71 
13747 1 40 
13749 1 71 
13755 1 71 
13767 1 71 
13769 1 71 
13787 1 71 
13796 1 71 
13809 1 28 
13840 1 71 
13853 1 65 
13855 1 71 
13891 1 40 
13897 1 65 
13919 1 65 
13936 1 71 
13940 1 71 
13948 1 21 
13957 1 71 
13996 1 40 
14002 1 40 
14005 1 65 
14009 1 65 
14023 1 71 
14037 1 71 
14051 1 40 
14079 1 65 
14100 1 71 
14128 1 71 
14137 1 28 
14145 1 71 
14155 1 40 
14162 1 65 
14167 1 40 
14168 1 71 
14173 1 40 
14174 1 71 
14182 1 71 
14187 1 40 
14191 1 71 
14211 1 71 
14258 1 71 
14277 1 71 
14283 1 71 
14289 1 28 
14291 1 71 
14315 1 65 
14326 1 71 
14335 1 35 
14336 1 71 
14339 1 71 
14343 1 71 
14361 1 71 
14371 1 71 
14388 1 40 
14399 1 71 
14404 1 71 
14417 1 65 
14418 1 71 
14431 1 65 
14437 1 71 
14460 1 35 
14462 1 71 
14465 1 71 
14468 1 21 
14488 1 71 
14495 1 40 
14499 1 65 
14500 1 35 
14510 1 71 
14524 1 40 
14527 1 71 
14535 1 71 
14540 1 65 
14578 1 71 
14588 1 71 
14595 1 71 
14603 1 71 
14606 1 71 
14611 1 40 
14617 1 71 
14627 1 71 
14629 1 71 
14648 1 21 
14652 1 71 
14654 1 40 
14662 1 65 
14670 1 71 
14680 1 35 
14683 1 35 
14703 1 71 
14706 1 71 
14722 1 71 
14731 1 40 
14735 1 40 
14737 1 65 
14743 1 71 
14755 1 71 
14762 1 71 
14794 1 71 
14803 1 35 
14826 1 71 
14829 1 71 
14831 1 71 
14838 1 71 
14852 1 71 
14853 1 71 
14857 1 65 
14858 1 71 
14860 1 71 
14865 1 71 
14873 1 65 
14879 1 65 
14880 1 88 
14881 1 71 
14889 1 71 
14900 1 21 
14917 1 71 
14928 1 71 
14934 1 71 
14940 1 71 
14942 1 88 
14947 1 71 
14968 1 71 
14978 1 40 
15004 1 71 
15011 1 71 
15041 1 88 
15043 1 71 
15044 1 40 
15048 1 88 
15060 1 35 
15098 1 88 
15132 1 71 
15136 1 71 
15150 1 71 
15190 1 71 
15195 1 71 
15196 1 80 
15218 1 80 
15230 1 80 
15239 1 80 
15243 1 80 
15247 1 35 
15255 1 80 
15262 1 80 
15278 1 35 
15284 1 21 
15298 1 80 
15300 1 80 
15304 1 88 
15310 1 80 
15372 1 88 
15380 1 80 
15390 1 80 
15407 1 40 
15432 1 80 
15445 1 80 
15453 1 80 
15475 1 80 
15481 1 80 
15487 1 88 
15520 1 35 
15521 1 82 
15530 1 82 
15534 1 82 
15541 1 82 
15550 1 88 
15551 1 82 
15553 1 82 
15560 1 82 
15597 1 88 
15603 1 40 
15617 1 82 
15621 1 88 
15636 1 82 
15649 1 35 
15654 1 88 
15655 1 82 
15687 1 82 
15693 1 82 
15704 1 82 
15714 1 82 
15734 1 40 
15737 1 88 
15778 1 82 
15784 1 82 
15791 1 82 
15793 1 82 
15801 1 82 
15816 1 82 
15820 1 88 
15827 1 40 
15835 1 40 
15846 1 82 
15864 1 82 
15874 1 82 
15886 1 82 
15890 1 82 
15892 1 40 
15910 1 82 
15930 1 82 
15941 1 82 
15947 1 82 
15958 1 82 
15973 1 82 
15975 1 82 
15984 1 40 
16002 1 82 
16013 1 82 
16015 1 88 
16039 1 35 
16041 1 82 
16050 1 82 
16058 1 82 
16079 1 35 
16090 1 82 
16122 1 82 
16126 1 88 
16129 1 82 
16142 1 82 
16148 1 82 
16151 1 97 
16162 1 97 
16165 1 97 
16176 1 97 
16182 1 97 
16189 1 21 
16192 1 97 
16193 1 88 
16198 1 97 
16203 1 97 
16206 1 97 
16234 1 88 
16235 1 40 
16268 1 97 
16279 1 40 
16281 1 97 
16284 1 88 
16296 1 40 
16300 1 97 
16321 1 97 
16331 1 97 
16333 1 41 
16334 1 97 
16346 1 88 
16348 1 88 
16349 1 97 
16356 1 97 
16360 1 41 
16376 1 41 
16384 1 97 
16412 1 97 
16414 1 40 
16417 1 97 
16422 1 97 
16424 1 97 
16425 1 97 
16427 1 88 
16438 1 41 
16445 1 40 
16454 1 88 
16462 1 97 
16463 1 88 
16476 1 97 
16484 1 97 
16501 1 97 
16503 1 97 
16523 1 40 
16552 1 97 
16555 1 97 
16564 1 97 
16565 1 40 
16575 1 97 
16580 1 97 
16591 1 97 
16604 1 88 
16647 1 40 
16651 1 97 
16665 1 97 
16676 1 97 
16707 1 97 
16739 1 97 
16754 1 97 
16795 1 97 
16796 1 41 
16816 1 97 
16824 1 88 
16831 1 97 
16856 1 41 
16865 1 97 
16870 1 40 
16891 1 60 
16924 1 97 
16958 1 60 
16967 1 60 
16972 1 97 
16984 1 88 
16991 1 97 
16996 1 88 
17005 1 97 
17008 1 97 
17038 1 88 
17043 1 99 
17044 1 88 
17057 1 99 
17060 1 99 
17102 1 99 
17103 1 99 
17104 1 88 
17109 1 88 
17110 1 60 
17119 1 99 
17124 1 99 
17125 1 99 
17134 1 99 
17135 1 41 
17148 1 88 
17151 1 99 
17152 1 60 
17177 1 99 
17181 1 99 
17190 1 88 
17192 1 99 
17221 1 88 
17234 1 60 
17243 1 99 
17244 1 99 
17262 1 99 
17270 1 99 
17291 1 88 
17309 1 99 
17328 1 99 
17341 1 99 
17342 1 99 
17347 1 60 
17360 1 99 
17363 1 99 
17380 1 99 
17386 1 99 
17388 1 99 
17390 1 88 
17404 1 99 
17405 1 99 
17410 1 88 
17418 1 99 
17423 1 99 
17430 1 99 
17437 1 88 
17496 1 88 
17534 1 60 
17549 1 60 
17550 1 41 
17583 1 41 
17605 1 41 
17640 1 88 
17655 1 41 
17677 1 41 
17689 1 88 
17707 1 88 
17713 1 88 
17714 1 60 
17804 1 88 
17812 1 41 
17822 1 88 
17856 1 88 
17866 1 60 
17872 1 88 
17882 1 60 
17884 1 41 
17885 1 60 
17947 1 21 
18001 1 41 
18005 1 60 
18080 1 21 
18083 1 60 
18124 1 88 
18129 1 88 
18137 1 41 
18157 1 88 
18160 1 41 
18169 1 88 
18222 1 60 
18230 1 88 
18291 1 21 
18298 1 88 
18347 1 60 
18368 1 41 
18386 1 60 
18444 1 60 
18460 1 41 
18512 1 41 
18535 1 60 
18559 1 60 
18562 1 41 
18601 1 41 
18633 1 88 
18642 1 60 
18669 1 88 
18684 1 88 
18709 1 41 
18717 1 88 
18739 1 60 
18818 1 88 
18824 1 60 
18864 1 60 
18960 1 88 
18965 1 88 
18989 1 60 
19007 1 88 
19019 1 41 
19029 1 41 
19033 1 60 
19052 1 60 
19060 1 41 
19083 1 88 
19166 1 41 
19221 1 88 
19239 1 88 
19397 1 60 
19402 1 88 
19418 1 60 
19420 1 60 
19427 1 88 
19428 1 60 
19435 1 88 
19437 1 41 
19440 1 60 
19450 1 60 
19494 1 88 
19504 1 41 
19515 1 88 
19547 1 41 
19604 1 88 
19719 1 60 
19729 1 41 
19774 1 88 
19795 1 88 
19808 1 88 
19851 1 41 
19858 1 60 
19896 1 88 
19910 1 88 
19914 1 60 
19923 1 88 
19967 1 88 
20060 1 88 
20088 1 88 
20136 1 60 
20146 1 88 
20203 1 41 
20250 1 41 
20276 1 60 
20291 1 60 
20296 1 88 
20314 1 41 
20378 1 41 
20382 1 88 
20434 1 41 
20442 1 88 
20451 1 60 
20487 1 88 
20515 1 88 
20533 1 60 
20567 1 88 
20578 1 41 
20631 1 41 
20638 1 88 
20640 1 60 
20653 1 21 
20659 1 88 
20674 1 88 
20731 1 21 
20794 1 60 
20811 1 41 
20824 1 88 
20900 1 60 
20909 1 88 
20913 1 60 
20926 1 60 
20943 1 60 
20971 1 88 
21004 1 88 
21012 1 21 
21034 1 88 
21123 1 60 
21133 1 21 
21157 1 60 
21178 1 60 
21214 1 21 
21232 1 88 
21254 1 41 
21262 1 88 
21293 1 60 
21328 1 60 
21336 1 88 
21386 1 88 
21405 1 88 
21421 1 60 
21452 1 60 
21458 1 88 
21509 1 88 
21528 1 60 
21574 1 88 
21590 1 88 
21667 1 88 
21680 1 88 
21717 1 88 
21735 1 60 
21755 1 60 
21761 1 88 
21775 1 60 
21776 1 60 
21814 1 88 
21826 1 41 
21835 1 88 
21840 1 24 
21849 1 88 
21926 1 60 
21932 1 60 
21957 1 60 
21966 1 60 
21980 1 88 
21981 1 60 
21986 1 60 
22018 1 88 
22034 1 60 
22036 1 60 
22045 1 88 
22047 1 88 
22061 1 60 
22095 1 88 
22117 1 60 
22146 1 88 
22148 1 88 
22167 1 60 
22184 1 88 
22248 1 60 
22277 1 60 
22291 1 88 
22322 1 88 
22350 1 88 
22351 1 60 
22356 1 60 
22358 1 41 
22384 1 41 
22389 1 93 
22418 1 93 
22438 1 93 
22440 1 93 
22445 1 93 
22455 1 41 
22476 1 60 
22482 1 93 
22515 1 60 
22517 1 60 
22531 1 60 
22540 1 60 
22571 1 93 
22578 1 93 
22601 1 24 
22635 1 93 
22650 1 93 
22656 1 60 
22658 1 60 
22696 1 93 
22756 1 60 
22769 1 60 
22796 1 41 
22923 1 93 
22950 1 93 
22963 1 93 
22967 1 60 
22975 1 93 
22998 1 93 
23035 1 60 
23066 1 93 
23100 1 41 
23105 1 93 
23265 1 60 
23294 1 60 
23352 1 60 
23367 1 41 
23391 1 93 
23439 1 60 
23449 1 41 
23450 1 24 
23456 1 24 
23499 1 93 
23503 1 93 
23504 1 60 
23511 1 93 
23534 1 93 
23545 1 93 
23565 1 60 
23605 1 60 
23672 1 60 
23748 1 93 
23752 1 41 
23776 1 60 
23790 1 41 
23796 1 93 
23821 1 41 
23937 1 24 
23964 1 60 
23982 1 60 
23984 1 60 
23991 1 93 
24034 1 41 
24044 1 41 
24049 1 93 
24117 1 93 
24140 1 60 
24146 1 93 
24230 1 60 
24249 1 93 
24251 1 60 
24346 1 93 
24411 1 41 
24425 1 60 
24461 1 93 
24466 1 41 
24487 1 60 
24492 1 60 
24497 1 93 
24507 1 93 
24520 1 60 
24534 1 93 
24546 1 60 
24633 1 60 
24644 1 93 
24647 1 93 
24698 1 93 
24724 1 93 
24772 1 93 
24774 1 93 
24813 1 93 
24851 1 93 
24862 1 93 
24874 1 41 
24876 1 60 
24946 1 24 
24996 1 93 
24999 1 93 
25036 1 41 
25038 1 93 
25065 1 93 
25068 1 93 
25071 1 60 
25120 1 93 
25123 1 60 
25130 1 93 
25139 1 60 
25142 1 93 
25171 1 60 
25193 1 93 
25214 1 60 
25218 1 24 
25223 1 41 
25244 1 60 
25261 1 60 
25273 1 41 
25277 1 60 
25282 1 60 
25318 1 60 
25367 1 93 
25380 1 93 
25386 1 93 
25402 1 60 
25413 1 41 
25424 1 93 
25428 1 93 
25447 1 60 
25463 1 24 
25470 1 93 
25478 1 93 
25515 1 93 
25566 1 93 
25574 1 93 
25594 1 93 
25599 1 60 
25639 1 60 
25648 1 60 
25665 1 60 
25711 1 93 
25729 1 24 
25748 1 41 
25825 1 60 
25831 1 93 
25852 1 60 
25864 1 93 
25899 1 64 
25902 1 41 
25920 1 93 
25933 1 93 
25956 1 41 
25980 1 41 
25986 1 93 
25995 1 64 
26008 1 64 
26012 1 93 
26027 1 93 
26036 1 41 
26047 1 93 
26085 1 64 
26107 1 41 
26144 1 93 
26172 1 41 
26190 1 93 
26192 1 41 
26216 1 64 
26230 1 41 
26380 1 64 
26418 1 93 
26431 1 64 
26468 1 24 
26482 1 96 
26500 1 96 
26526 1 64 
26530 1 64 
26533 1 41 
26543 1 64 
26553 1 64 
26580 1 24 
26584 1 64 
26640 1 64 
26642 1 41 
26726 1 96 
26735 1 96 
26738 1 64 
26754 1 24 
26764 1 96 
26768 1 96 
26770 1 64 
26783 1 41 
26790 1 96 
26809 1 96 
26862 1 64 
26864 1 64 
26892 1 64 
26919 1 64 
26931 1 96 
26938 1 64 
27050 1 64 
27093 1 64 
27096 1 96 
27134 1 96 
27160 1 96 
27231 1 64 
27241 1 96 
27272 1 96 
27341 1 96 
27347 1 24 
27360 1 41 
27369 1 64 
27382 1 64 
27392 1 96 
27430 1 96 
27474 1 64 
27524 1 41 
27543 1 64 
27585 1 41 
27700 1 64 
27706 1 68 
27712 1 68 
27865 1 68 
27892 1 68 
27893 1 41 
27923 1 68 
28073 1 68 
28086 1 68 
28108 1 68 
28182 1 68 
28226 1 68 
28245 1 68 
28293 1 68 
28314 1 41 
28333 1 41 
28438 1 68 
28441 1 24 
28576 1 24 
28615 1 68 
28633 1 68 
28661 1 24 
28689 1 68 
28776 1 68 
28944 1 68 
28959 1 68 
28981 1 68 
29055 1 68 
29085 1 41 
29180 1 24 
29191 1 41 
29217 1 68 
29221 1 68 
29266 1 68 
29297 1 68 
29343 1 68 
29451 1 68 
29582 1 68 
29589 1 68 
29628 1 68 
29704 1 68 
29709 1 68 
29733 1 68 
29844 1 68 
29846 1 41 
29870 1 68 
29899 1 41 
29919 1 68 
29991 1 68 
30004 1 68 
30028 1 41 
30108 1 41 
30112 1 68 
30133 1 68 
30137 1 68 
30144 1 41 
30145 1 68 
30146 1 68 
30173 1 68 
30175 1 68 
30201 1 68 
30202 1 68 
30325 1 41 
30332 1 68 
30345 1 41 
30352 1 68 
30420 1 68 
30426 1 41 
30441 1 24 
30494 1 24 
30524 1 41 
30596 1 24 
30616 1 68 
30670 1 68 
30688 1 41 
30722 1 68 
30758 1 62 
30795 1 62 
30825 1 68 
30909 1 24 
30918 1 62 
30921 1 68 
30982 1 68 
31009 1 68 
31053 1 68 
31056 1 68 
31173 1 68 
31201 1 68 
31261 1 24 
31322 1 62 
31428 1 68 
31540 1 68 
31553 1 24 
31579 1 68 
31639 1 24 
31651 1 62 
31718 1 68 
31752 1 62 
31843 1 68 
32000 1 68 
32047 1 68 
32150 1 62 
32177 1 62 
32254 1 62 
32288 1 62 
32365 1 68 
32384 1 62 
32487 1 68 
32503 1 62 
32560 1 68 
32696 1 68 
32700 1 68 
32766 1 68 
32775 1 68 
32855 1 62 
32991 1 68 
33041 1 68 
33093 1 68 
33144 1 62 
33152 1 68 
33190 1 68 
33257 1 62 
33278 1 68 
33285 1 62 
33345 1 68 
33363 1 24 
33395 1 68 
33410 1 62 
33474 1 68 
33477 1 62 
33552 1 68 
33697 1 62 
33722 1 62 
33824 1 68 
33845 1 68 
33893 1 62 
33971 1 68 
34101 1 62 
34103 1 68 
34135 1 24 
34192 1 68 
34223 1 62 
34230 1 68 
34254 1 62 
34283 1 68 
34287 1 62 
34361 1 68 
34428 1 68 
34433 1 62 
34485 1 68 
34542 1 68 
34600 1 62 
34657 1 68 
34711 1 68 
34878 1 68 
34895 1 62 
35006 1 68 
35042 1 68 
35105 1 68 
35136 1 62 
35201 1 68 
35220 1 24 
35225 1 62 
35311 1 68 
35314 1 68 
35358 1 62 
35378 1 68 
35381 1 68 
35407 1 68 
35444 1 62 
35470 1 68 
35477 1 62 
35485 1 68 
35507 1 62 
35619 1 68 
35645 1 68 
35684 1 62 
35733 1 68 
35742 1 68 
35781 1 68 
35828 1 68 
35873 1 68 
35903 1 62 
35925 1 62 
35991 1 68 
36029 1 68 
36031 1 62 
36077 1 68 
36099 1 62 
36155 1 68 
36187 1 68 
36192 1 62 
36233 1 24 
36266 1 62 
36274 1 68 
36328 1 68 
36372 1 68 
36425 1 62 
36476 1 68 
36552 1 68 
36633 1 24 
36653 1 24 
36672 1 62 
36732 1 62 
36792 1 68 
36793 1 62 
36795 1 68 
36830 1 68 
36881 1 62 
36884 1 68 
37006 1 90 
37026 1 90 
37055 1 90 
37172 1 90 
37212 1 62 
37220 1 62 
37234 1 90 
37316 1 90 
37332 1 90 
37458 1 62 
37476 1 90 
37627 1 90 
37682 1 90 
37685 1 90 
37692 1 62 
37695 1 90 
37718 1 90 
37752 1 90 
37770 1 62 
37784 1 90 
37895 1 62 
37906 1 90 
37985 1 90 
37998 1 62 
38080 1 90 
38118 1 24 
38144 1 62 
38175 1 90 
38275 1 90 
38548 1 90 
38623 1 90 
38646 1 90 
38671 1 90 
38704 1 62 
39092 1 62 
39200 1 62 
39507 1 62 
39702 1 62 
39738 1 62 
39743 1 62 
39811 1 24 
39838 1 62 
39899 1 62 
39992 1 62 
40052 1 62 
40066 1 62 
40110 1 24 
40564 1 62 
40726 1 62 
40738 1 62 
40812 1 62 
40924 1 62 
40932 1 62 
41254 1 24 
41357 1 62 
41530 1 24 
41741 1 62 
41749 1 62 
41870 1 24 
42183 1 62 
42245 1 62 
42312 1 62 
42404 1 62 
42415 1 62 
42416 1 62 
42459 1 62 
42598 1 62 
42634 1 24 
42986 1 62 
43071 1 62 
43113 1 62 
43270 1 62 
43410 1 62 
43411 1 62 
43453 1 62 
43652 1 62 
43848 1 62 
43878 1 24 
44133 1 62 
44352 1 62 
44992 1 62 
45000 1 62 
45100 1 62 
45220 1 62 
45286 1 24 
45572 1 62 
45595 1 24 
45937 1 62 
46032 1 62 
46069 1 72 
46310 1 24 
46355 1 72 
46383 1 72 
46511 1 72 
46536 1 72 
47168 1 72 
47436 1 72 
47501 1 72 
47849 1 72 
48000 1 72 
48074 1 24 
48183 1 24 
48206 1 24 
48251 1 72 
48430 1 79 
48589 1 79 
48874 1 79 
48922 1 79 
48972 1 79 
49076 1 79 
49204 1 79 
49342 1 24 
49387 1 79 
49571 1 79 
49618 1 79 
49653 1 79 
49683 1 79 
49860 1 83 
20 1 83 
295 1 83 
335 1 83 
412 1 24 
448 1 24 
652 1 24 
673 1 83 
749 1 83 
955 1 83 
1200 1 24 
1234 1 83 
1254 1 83 
1381 1 83 
1396 1 83 
1416 1 83 
1420 1 83 
1805 1 83 
1864 1 83 
1915 1 83 
1947 1 24 
2005 1 83 
2295 1 83 
2296 1 83 
2560 1 83 
2610 1 83 
2846 1 83 
2904 1 83 
3035 1 83 
3112 1 24 
3246 1 83 
3391 1 83 
3401 1 83 
3704 1 83 
3766 1 83 
3768 1 83 
3806 1 87 
4078 1 87 
4345 1 87 
4526 1 24 
4622 1 87 
4749 1 87 
4924 1 24 
4931 1 87 
4979 1 87 
4988 1 87 
5000 1 87 
5131 1 87 
5147 1 87 
5155 1 87 
5219 1 87 
5462 1 24 
5583 1 87 
5754 1 87 
5796 1 87 
5801 1 87 
5814 1 87 
5933 1 87 
6055 1 87 
6099 1 24 
6188 1 87 
6236 1 87 
6390 1 87 
6523 1 87 
6833 1 87 
6983 1 87 
7036 1 87 
7069 1 24 
7092 1 91 
7323 1 91 
7533 1 91 
7609 1 91 
7684 1 91 
7868 1 91 
8044 1 91 
8052 1 91 
8059 1 91 
8298 1 91 
8399 1 24 
8769 1 91 
8927 1 91 
9243 1 91 
9628 1 91 
9724 1 24 
9730 1 91 
9747 1 91 
10314 1 91 
10444 1 91 
10462 1 91 
10697 1 91 
10780 1 91 
11063 1 91 
11117 1 91 
11192 1 91 
11216 1 91 
11409 1 91 
11459 1 24 
11484 1 24 
11570 1 24 
11695 1 24 
11697 1 91 
11838 1 24 
12280 1 91 
12292 1 91 
12416 1 91 
12529 1 24 
12572 1 91 
12629 1 91 
12938 1 91 
12959 1 91 
13435 1 91 
13693 1 91 
13824 1 91 
14193 1 91 
14234 1 24 
14330 1 91 
14348 1 91 
14350 1 91 
14415 1 91 
14480 1 91 
14664 1 91 
14734 1 91 
14811 1 91 
14833 1 24 
15330 1 91 
15391 1 91 
15543 1 24 
15561 1 91 
15760 1 91 
15814 1 91 
15822 1 91 
15876 1 91 
15937 1 91 
15981 1 91 
16008 1 91 
16168 1 91 
16263 1 91 
16391 1 91 
16411 1 91 
16660 1 91 
16971 1 91 
17128 1 91 
17200 1 91 
17445 1 91 
17567 1 91 
17669 1 95 
17857 1 95 
17896 1 95 
17969 1 95 
18076 1 95 
18131 1 95 
18586 1 95 
18660 1 95 
18809 1 95 
19283 1 95 
19316 1 95 
19358 1 95 
19361 1 95 
19480 1 24 
19602 1 95 
19606 1 95 
19610 1 24 
19682 1 24 
19697 1 95 
19705 1 95 
19817 1 95 
19839 1 24 
19950 1 95 
20065 1 95 
20143 1 95 
20217 1 24 
20231 1 24 
20634 1 24 
20762 1 24 
21731 1 24 
21933 1 24 
22692 1 24 
22775 1 24 
22918 1 24 
22974 1 24 
24357 1 24 
24930 1 24 
26068 1 24 
26481 1 24 
26895 1 24 
27144 1 24 
28165 1 24 
28449 1 24 
29506 1 24 
29530 1 24 
30343 1 24 
31115 1 24 
31872 1 24 
31993 1 24 
32367 1 24 
32408 1 24 
32461 1 24 
32755 1 24 
33016 1 24 
33655 1 24 
35697 1 24 
37229 1 24 
37796 1 24 
37958 1 24 
37976 1 24 
38047 1 24 
39421 1 24 
40312 1 24 
41473 1 24 
41887 1 24 
42221 1 24 
43089 1 24 
43107 1 24 
44276 1 25 
44290 1 25 
44938 1 25 
45504 1 25 
46424 1 25 
47192 1 25 
49644 1 25 
524 1 25 
532 1 25 
757 1 25 
858 1 25 
1437 1 25 
2391 1 25 
2542 1 25 
3449 1 25 
3670 1 25 
4263 1 25 
4948 1 25 
5725 1 25 
7798 1 25 
8128 1 25 
8770 1 25 
9656 1 25 
10767 1 25 
12812 1 25 
13123 1 25 
13575 1 25 
14062 1 25 
14237 1 25 
14966 1 25 
15612 1 25 
16444 1 25 
18163 1 25 
18445 1 25 
19398 1 25 
21068 1 25 
21070 1 25 
21868 1 25 
23434 1 25 
24087 1 25 
24784 1 25 
25156 1 25 
26291 1 25 
26365 1 25 
26669 1 25 
27271 1 25 
27490 1 25 
27717 1 25 
28083 1 25 
28210 1 25 
28273 1 25 
28891 1 25 
29653 1 25 
30351 1 25 
32492 1 25 
32665 1 25 
32731 1 25 
32967 1 25 
33407 1 25 
34037 1 25 
35826 1 25 
36387 1 25 
36516 1 25 
37432 1 25 
37681 1 25 
38026 1 25 
39472 1 25 
40353 1 25 
40851 1 25 
41030 1 25 
41409 1 25 
41556 1 25 
42596 1 25 
43808 1 25 
44615 1 25 
44977 1 25 
45773 1 25 
46200 1 25 
46323 1 25 
46791 1 25 
48592 1 25 
48861 1 25 
48990 1 25 
49156 1 25 
49384 1 25 
