500
1 8 46 161 234 169 345 1 53 14 
2 6 143 234 166 139 1 34 
5 6 234 139 89 1 34 118 
25 5 161 234 169 80 53 
29 20 46 220 234 52 423 298 48 2 135 308 316 85 117 335 139 345 1 34 482 36 
30 7 186 63 292 345 53 23 77 
33 6 234 139 89 1 34 118 
40 20 46 272 238 52 76 7 11 328 196 302 349 94 42 155 345 126 359 53 23 36 
45 5 143 234 264 139 1 
47 20 46 272 220 52 7 11 308 196 302 273 349 94 42 155 345 126 359 53 177 36 
58 10 46 328 49 85 139 345 1 34 76 48 
61 6 234 139 345 1 53 7 
66 4 63 56 169 34 
70 7 75 46 234 139 345 53 95 
72 8 46 234 139 345 53 118 7 404 
73 20 46 220 234 52 7 2 135 308 295 349 85 117 335 139 345 417 1 53 422 36 
76 4 257 139 1 26 
81 10 46 308 6 85 139 345 1 34 48 404 
84 7 9 349 486 98 70 41 40 
87 6 46 308 89 140 7 36 
89 20 46 220 234 52 2 103 295 349 63 85 117 335 139 345 399 1 38 34 357 36 
93 8 168 46 234 139 291 1 34 108 
95 5 11 234 139 80 53 
98 7 168 46 234 184 139 89 34 
100 9 46 123 308 139 52 345 53 7 36 
103 10 46 87 85 234 139 52 89 1 140 7 
106 20 168 46 436 389 182 234 242 423 298 25 254 103 85 335 184 139 345 80 34 492 
107 7 46 124 234 169 345 53 7 
110 8 245 35 234 166 139 345 1 34 
111 20 245 46 201 286 234 52 458 298 25 254 135 328 35 85 335 166 139 345 1 34 
114 5 234 139 1 61 48 
120 8 395 384 295 99 93 292 41 118 
122 6 87 234 139 89 1 34 
123 5 234 139 89 1 61 
128 5 234 139 236 8 4 
130 9 46 103 6 85 234 139 345 1 34 
131 6 186 308 242 345 53 7 
139 8 75 186 148 52 345 53 76 95 
140 20 245 395 201 446 64 234 304 458 370 25 254 103 85 335 166 169 345 26 80 34 
153 10 168 395 87 234 139 236 1 34 108 404 
154 20 395 384 220 52 48 308 295 302 349 202 85 42 139 292 345 156 38 34 177 36 
158 7 168 395 234 139 345 34 404 
160 10 168 395 161 201 234 184 169 236 34 108 
161 20 168 201 74 182 296 236 304 108 423 298 29 192 320 195 184 139 345 80 34 17 
163 5 9 73 99 93 23 
164 5 103 109 34 40 100 
167 8 395 195 296 139 345 1 53 7 
170 8 247 395 11 35 296 139 34 404 
171 5 296 139 89 1 61 
173 6 186 308 242 462 53 7 
179 5 143 296 139 1 53 
180 5 296 139 89 1 61 
183 20 395 220 296 242 404 137 103 12 469 6 195 127 18 139 462 156 1 34 482 36 
190 4 143 296 139 26 
191 20 168 395 389 182 296 242 285 423 312 404 29 254 308 195 18 184 139 462 80 34 
192 7 168 296 184 139 236 462 108 
196 6 296 139 462 1 34 48 
197 6 46 103 109 61 95 36 
198 9 395 308 195 296 139 462 80 53 404 
199 5 309 139 109 1 53 
200 20 395 309 304 118 95 404 137 308 469 85 174 18 139 263 44 156 260 53 482 36 
201 20 395 389 309 242 95 137 308 295 469 283 85 174 42 139 109 156 172 53 482 36 
204 20 395 220 309 242 137 103 84 302 145 6 85 117 18 139 109 156 1 34 482 36 
205 20 245 395 269 309 304 285 458 312 161 25 254 469 85 127 18 166 169 26 1 34 
209 4 139 109 26 34 
210 6 75 9 93 98 307 126 
211 7 63 6 387 462 34 40 404 
214 4 143 6 309 139 
216 12 395 308 148 85 174 309 139 109 172 53 95 404 
217 8 168 309 139 236 1 34 27 48 
218 5 46 109 163 34 95 
227 18 9 88 187 336 75 113 429 274 72 349 251 101 98 49 307 42 126 41 
228 7 75 395 139 462 61 95 36 
229 5 168 309 139 291 108 
230 6 186 11 462 34 177 48 
231 8 186 328 242 462 43 53 76 95 
232 8 75 328 295 63 387 1 53 40 
233 6 143 309 166 169 1 34 
236 20 395 220 479 242 95 254 308 295 469 283 85 117 42 387 462 156 80 53 422 36 
237 9 395 161 25 85 479 169 462 1 53 
244 6 143 479 166 169 1 34 
245 20 395 182 479 242 210 226 119 312 404 29 254 308 85 174 387 109 156 1 34 356 
247 4 35 169 109 53 
250 5 75 46 109 61 95 
256 4 11 109 61 95 
257 6 245 479 166 387 291 108 
261 20 395 182 242 210 226 48 404 25 130 308 85 174 335 387 462 156 80 34 482 106 
268 5 479 169 1 140 48 
271 6 479 169 462 1 140 259 
273 20 395 9 272 238 304 259 103 84 302 349 94 42 292 462 156 359 61 177 43 36 
274 6 395 479 387 462 34 40 
277 9 395 103 93 242 462 61 40 259 36 
286 5 143 479 387 109 108 
287 6 245 479 387 291 34 108 
289 5 479 169 109 1 140 
299 7 75 395 479 169 462 140 259 
305 5 143 479 169 236 27 
307 8 395 308 479 387 109 1 34 48 
313 13 395 148 479 259 404 29 103 85 276 109 1 140 77 
316 7 75 193 310 486 251 475 348 
322 6 56 479 276 109 172 34 
324 6 245 479 387 291 34 27 
326 9 395 103 160 94 479 387 109 1 140 
331 20 245 395 286 479 291 304 285 27 458 404 161 87 29 192 320 195 127 276 1 34 
332 5 75 143 479 276 27 
333 20 186 88 238 304 76 75 103 302 72 349 94 454 42 292 109 156 61 177 43 36 
334 9 395 87 136 387 263 26 1 34 14 
338 6 245 479 166 387 34 27 
340 9 395 85 479 276 159 1 140 118 259 
341 7 245 395 479 387 44 1 140 
343 5 479 276 119 140 27 
353 5 161 72 486 475 40 
355 16 9 88 93 187 336 131 113 429 72 65 101 98 49 368 126 41 
356 4 143 35 276 291 
360 20 395 237 182 479 304 259 404 29 254 103 85 174 18 276 109 44 156 1 140 323 
361 5 245 479 387 1 27 
368 4 35 63 264 276 
370 6 245 479 276 31 34 27 
371 9 395 308 387 242 109 1 34 48 36 
373 20 395 182 479 304 210 285 259 312 29 254 308 295 85 174 276 343 109 1 140 323 
374 11 395 103 49 85 174 479 318 159 1 140 259 
378 6 136 49 479 324 159 140 
380 10 395 85 479 276 109 1 140 380 32 259 
384 11 395 25 328 85 479 387 109 1 34 40 312 
389 7 245 479 166 387 109 1 34 
391 7 9 349 486 63 292 177 48 
396 20 479 304 179 285 161 433 25 254 103 84 145 85 174 18 276 109 369 1 34 36 
398 5 161 479 276 109 140 
401 9 395 103 304 109 31 61 177 259 36 
404 10 395 103 237 276 109 1 61 380 259 36 
411 4 9 93 63 23 
421 7 6 479 387 109 1 34 458 
425 6 46 84 63 479 276 140 
427 10 395 161 88 129 242 292 109 34 41 40 
436 20 186 88 304 392 189 308 302 72 349 407 49 368 42 292 109 70 140 41 43 36 
439 5 245 479 387 109 108 
441 20 395 479 242 226 48 25 254 433 308 295 469 85 174 18 387 109 156 1 34 36 
443 5 245 479 387 109 108 
444 7 247 124 103 63 479 318 34 
446 20 247 395 182 479 304 285 423 29 130 308 295 136 85 120 166 387 172 34 482 323 
452 4 133 479 318 159 
453 8 395 308 349 94 304 109 61 259 
454 4 318 159 34 259 
456 7 395 11 99 129 292 109 41 
461 5 247 395 387 26 34 
463 20 245 395 269 236 304 210 285 108 458 75 25 295 10 85 127 335 387 1 61 323 
464 5 168 318 236 34 27 
466 5 75 161 318 159 61 
472 5 168 318 236 34 27 
474 9 75 395 11 85 387 159 1 61 40 
478 20 395 9 384 88 228 76 75 189 295 274 273 99 101 98 49 307 42 292 70 41 
479 10 395 308 85 318 242 159 1 61 259 36 
482 7 186 292 109 61 41 76 36 
485 4 257 318 159 61 
488 11 395 308 49 85 318 159 1 61 32 259 36 
489 5 46 318 159 1 61 
490 7 395 64 387 80 34 106 48 
496 7 395 387 242 159 1 34 40 
498 6 122 79 37 264 318 107 
499 5 245 318 291 34 108 
4 10 245 395 25 122 85 166 318 1 34 458 
8 11 186 29 91 308 136 85 172 34 423 312 36 
9 11 186 308 136 165 324 242 1 34 423 298 36 
10 13 245 395 389 458 312 161 25 308 35 85 166 1 34 
17 7 186 328 84 85 318 1 34 
18 20 186 182 242 210 226 48 377 25 254 135 308 136 85 174 335 400 156 1 34 106 
22 9 186 308 318 242 292 159 34 41 36 
27 6 245 122 37 166 107 26 
28 13 395 56 242 163 29 137 308 85 120 318 172 34 36 
31 13 242 423 370 485 308 136 63 37 85 18 1 34 36 
32 12 395 25 308 85 174 318 242 159 1 34 312 36 
35 12 245 395 87 25 308 85 26 1 34 118 485 36 
36 9 395 302 349 220 155 55 109 70 41 
37 4 168 161 318 27 
39 20 395 182 242 210 226 312 485 25 254 308 295 85 174 335 318 159 156 1 34 106 
42 12 395 25 308 85 120 18 318 304 159 1 34 36 
43 2 245 318 
50 13 395 304 124 2 308 316 85 117 18 318 1 34 36 
51 9 245 395 122 166 318 1 34 458 14 
52 20 395 445 463 304 285 29 2 433 308 295 349 85 120 18 318 155 172 34 357 36 
53 6 395 161 257 85 1 34 
59 18 9 88 336 75 113 429 274 72 349 251 101 98 475 49 307 42 70 41 
62 5 395 148 155 41 118 
63 6 395 308 318 159 1 34 
71 9 395 251 349 42 304 155 159 34 41 
75 19 395 238 304 100 189 308 92 72 349 101 407 42 155 159 70 34 41 43 36 
78 6 168 395 161 166 318 34 
80 10 395 308 85 120 318 263 1 61 380 485 
85 19 395 88 463 304 76 189 92 72 349 101 98 368 42 155 263 70 61 41 43 
91 2 245 318 
96 10 245 395 25 122 85 166 318 1 61 380 
97 20 395 304 485 2 433 308 295 349 469 85 120 18 318 263 156 1 359 61 422 36 
101 19 395 463 304 225 308 295 92 349 94 455 42 155 263 156 359 61 41 43 36 
105 5 395 99 304 263 61 
109 12 395 411 29 136 195 182 324 1 61 32 312 485 
113 2 245 318 
116 6 395 308 318 263 1 61 
119 9 395 308 99 94 304 263 71 61 41 
121 20 395 304 225 2 308 295 349 469 85 120 318 155 263 44 156 1 116 61 422 36 
126 6 395 308 85 1 61 48 
129 11 395 308 85 120 318 304 263 1 61 380 36 
132 9 245 395 166 318 1 61 380 14 485 
133 20 168 395 122 269 304 285 210 380 32 312 484 29 459 136 240 166 324 1 140 323 
134 11 395 2 308 195 120 324 304 1 61 118 485 
137 19 88 336 75 189 358 429 92 72 349 65 101 98 475 348 307 155 263 70 41 
138 6 395 308 318 263 1 61 
141 9 395 308 85 117 304 1 61 380 48 
142 7 395 124 136 195 324 1 61 
144 20 168 395 64 304 210 285 27 380 312 485 29 433 459 85 174 318 260 140 482 36 
148 12 75 29 308 63 85 117 18 304 1 61 423 36 
150 10 395 349 486 220 98 155 263 61 41 83 
151 5 11 63 49 61 41 
152 20 395 182 304 485 75 29 2 308 459 349 471 85 117 18 318 156 1 61 422 323 
157 6 395 318 263 1 61 485 
159 10 395 148 99 304 292 263 38 61 41 118 
162 10 395 308 85 318 263 1 61 380 32 485 
168 10 245 395 29 308 85 117 318 1 61 485 
172 4 245 64 80 61 
177 13 395 485 2 308 316 240 120 335 324 263 1 158 77 
181 9 395 11 85 120 277 304 1 140 36 
182 9 245 192 63 85 236 1 140 27 380 
185 12 395 148 84 349 55 187 263 163 38 158 41 118 
186 11 395 87 99 129 324 292 263 156 158 41 36 
187 20 245 395 122 286 304 210 285 40 380 298 29 137 240 127 166 324 1 140 482 323 
188 12 245 395 29 328 85 127 166 1 140 380 48 485 
193 20 395 188 304 48 485 2 433 84 111 145 316 85 127 268 42 369 1 140 422 36 
202 10 245 395 161 91 192 291 1 158 27 380 
206 7 245 29 122 166 324 107 158 
208 7 245 395 324 1 158 27 380 
212 10 395 2 136 99 195 120 324 1 158 357 
213 14 395 237 380 312 485 29 2 35 85 117 268 80 158 36 
215 20 245 395 182 236 210 285 27 380 485 29 13 433 459 10 85 117 26 1 158 162 
222 11 395 99 94 129 42 292 263 369 158 41 36 
224 11 395 2 240 120 324 263 1 158 357 460 77 
225 10 245 122 74 184 324 236 80 158 27 4 
226 20 395 237 304 225 2 189 459 136 240 120 42 324 388 263 44 1 38 258 357 77 
235 20 245 122 182 304 210 380 370 230 433 63 37 85 117 166 321 26 1 258 482 162 
238 7 395 47 56 195 324 80 258 
246 20 245 395 64 304 210 285 27 380 485 102 19 433 316 85 120 325 80 258 482 36 
248 7 75 395 85 325 1 258 312 
253 20 245 395 182 304 210 285 27 380 485 102 19 433 316 85 120 325 1 258 482 162 
254 11 395 47 328 136 85 182 120 325 1 258 485 
258 20 245 395 64 304 191 285 27 458 377 75 86 2 85 120 80 116 258 482 4 323 
260 6 92 99 292 263 70 41 
262 20 245 395 182 291 304 225 285 27 380 86 137 192 459 320 195 120 325 1 258 162 
264 4 63 129 292 41 
266 11 245 122 74 37 184 325 291 80 258 27 386 
270 12 75 113 170 193 88 486 65 97 475 348 67 153 
272 20 245 395 182 304 225 191 285 27 380 86 2 352 145 85 120 116 1 258 482 162 
275 7 92 99 98 307 42 70 41 
278 20 395 237 272 304 225 48 118 75 2 189 352 174 195 388 142 116 1 258 482 36 
280 19 395 129 304 187 225 189 84 92 99 144 407 42 292 263 417 43 258 41 36 
281 11 245 395 328 122 184 325 291 80 258 27 380 
284 11 395 99 486 220 42 292 89 180 258 177 36 
288 8 395 47 136 325 1 258 380 14 
293 12 395 84 217 94 129 304 292 225 263 258 41 36 
294 9 395 94 304 292 263 394 41 43 77 
297 12 245 395 29 328 3 85 264 325 80 394 380 377 
301 10 395 84 304 292 187 263 369 394 41 77 
309 9 75 113 193 88 486 65 475 348 67 
317 10 395 161 29 85 120 304 80 394 377 77 
319 9 75 29 63 85 269 120 304 1 394 
320 6 395 486 129 304 263 394 
327 4 193 88 486 475 
329 20 245 395 122 269 304 210 285 380 298 48 29 19 316 85 127 166 1 394 482 323 
337 20 245 395 269 304 225 285 380 29 19 459 279 85 120 184 325 80 116 394 357 77 
339 6 328 325 345 1 394 77 
345 9 75 113 193 88 486 65 475 348 67 
346 11 84 6 85 238 304 292 179 394 41 231 77 
348 20 245 286 291 304 210 285 27 380 29 19 91 35 459 10 279 165 127 1 394 323 
349 20 237 304 19 135 189 459 136 85 120 335 42 325 388 345 44 1 38 394 357 77 
350 12 11 29 2 124 85 120 304 1 394 40 377 77 
354 11 2 136 56 85 120 304 172 394 357 40 380 
358 8 245 192 325 453 1 394 27 380 
362 12 11 110 328 92 238 292 187 369 231 394 41 77 
364 20 225 40 380 377 161 135 29 19 328 111 136 229 85 120 42 1 38 394 357 77 
376 10 245 328 184 325 80 394 27 380 4 14 
382 20 245 64 210 285 27 380 377 29 19 135 328 279 85 120 325 80 394 482 4 323 
383 20 56 179 19 87 189 328 84 145 283 85 120 42 325 388 369 80 394 357 43 77 
386 20 426 452 460 19 135 189 328 459 85 120 335 325 292 345 44 80 38 394 357 77 
387 2 245 325 
388 6 328 325 345 80 394 77 
390 11 87 29 130 328 85 174 172 394 177 67 118 
394 6 245 184 325 176 394 14 
397 10 328 92 238 292 187 369 394 177 48 77 
399 12 245 161 29 328 85 400 176 172 394 380 106 377 
402 7 245 201 224 166 387 394 14 
403 11 29 328 384 257 85 80 394 32 48 377 77 
405 10 19 328 85 120 335 387 345 80 394 77 
407 9 84 92 129 292 187 345 369 394 41 
410 7 245 328 387 80 394 27 380 
413 12 161 29 328 6 85 64 343 80 394 106 377 77 
415 5 92 486 292 180 41 
416 7 245 328 387 80 394 27 380 
418 20 452 319 213 29 19 135 189 328 84 145 85 120 387 292 345 80 394 177 43 77 
419 5 387 345 80 394 106 
422 7 29 328 136 85 387 172 394 
426 20 247 64 225 163 285 27 380 29 19 135 328 459 6 229 85 120 80 394 357 77 
428 5 237 292 345 394 41 
430 2 245 387 
431 8 46 148 84 92 486 292 180 41 
440 20 71 380 32 19 135 328 111 459 279 49 85 120 335 407 399 80 116 394 482 323 
445 13 245 236 27 380 377 328 35 45 184 80 394 17 21 
448 5 92 486 292 180 41 
450 9 211 328 64 165 80 394 380 32 386 
451 19 237 452 272 238 380 189 328 196 407 387 292 345 142 369 80 38 394 41 77 
457 11 11 328 92 238 42 197 187 126 394 177 77 
459 20 452 238 179 189 328 84 92 144 49 85 455 368 347 387 197 126 394 357 43 77 
460 8 245 29 201 166 387 80 394 380 
465 10 245 29 328 85 166 26 172 394 380 386 
469 5 124 85 345 172 394 
473 6 9 113 39 98 307 126 
475 16 88 93 187 336 75 113 498 92 72 65 101 98 454 307 126 357 
476 2 245 387 
477 4 245 37 27 5 
483 20 452 319 225 130 135 189 328 84 92 145 85 120 335 387 417 172 394 177 43 77 
487 7 328 49 85 387 172 394 77 
497 20 452 129 76 11 161 189 328 92 72 251 101 94 407 368 197 126 114 177 231 36 
3 6 75 129 197 187 177 36 
6 8 92 486 65 98 292 180 177 67 
7 9 130 328 85 120 388 172 177 76 36 
11 10 328 84 49 129 179 388 357 48 118 36 
12 6 29 130 328 85 120 172 
13 4 245 328 79 108 
14 5 245 87 172 108 380 
15 20 452 486 238 392 76 360 110 189 328 92 144 101 98 348 368 197 126 177 231 77 
16 5 245 161 328 176 172 
19 20 245 122 64 236 210 385 285 108 380 298 29 137 135 328 10 85 264 115 221 36 
20 13 129 179 130 328 84 136 85 120 388 172 177 43 36 
21 11 11 130 328 84 85 127 129 172 177 48 36 
23 7 245 29 85 64 172 108 380 
24 11 245 29 328 122 3 85 64 166 172 380 298 
26 20 452 250 129 225 76 328 196 92 111 144 101 94 407 197 126 359 31 177 43 36 
34 7 113 232 251 79 332 307 180 
38 6 92 98 307 197 126 177 
41 20 245 64 236 225 385 176 108 380 161 29 137 135 192 328 459 111 320 85 172 36 
44 17 88 129 48 76 75 113 266 170 92 72 65 407 454 307 292 369 177 
46 20 452 188 64 225 163 176 29 137 135 328 12 459 111 229 85 120 268 172 422 36 
48 13 176 29 130 135 328 145 85 120 268 388 172 177 36 
49 12 245 29 328 122 224 85 166 221 380 298 54 386 
54 8 29 328 85 120 268 260 118 36 
55 20 247 237 182 225 285 67 11 29 19 135 328 459 79 229 85 388 44 221 357 77 
56 6 73 105 129 197 55 177 
57 10 19 145 229 85 120 268 292 221 357 36 
60 4 93 98 197 177 
64 7 245 29 85 64 221 108 380 
65 10 161 92 65 129 407 292 369 177 67 36 
67 10 29 19 136 85 120 71 260 357 483 36 
68 20 452 319 220 179 213 29 19 124 87 189 84 145 85 120 268 292 221 177 43 36 
69 9 29 19 229 85 120 292 221 357 36 
74 7 247 11 29 85 64 120 221 
77 6 29 19 85 174 221 386 
79 6 19 85 120 129 221 36 
82 5 161 79 85 129 36 
83 13 220 19 124 145 229 85 120 268 292 107 221 357 36 
86 7 19 145 85 120 268 221 36 
88 11 13 84 145 165 94 220 292 369 221 177 77 
90 8 75 196 197 71 119 43 177 76 
92 12 75 29 19 145 165 94 214 292 221 177 67 77 
94 11 13 124 237 165 94 214 292 44 221 177 77 
99 20 452 250 220 225 294 13 111 84 145 316 165 94 214 332 292 369 260 359 422 77 
102 20 452 319 220 225 213 29 13 294 266 84 145 165 94 214 388 126 221 177 43 77 
104 20 148 272 129 55 278 48 75 266 84 274 273 407 454 347 388 142 369 116 177 43 
108 9 29 13 279 165 64 94 260 81 77 
112 6 94 220 197 177 43 77 
115 20 452 220 55 392 249 113 266 84 92 273 144 98 348 368 347 197 369 177 43 77 
117 8 245 192 239 165 236 414 108 380 
118 20 237 220 55 13 294 87 266 459 136 165 94 214 388 44 369 260 116 357 43 77 
124 20 245 122 389 64 225 210 285 380 69 29 19 459 316 165 120 214 166 414 482 162 
125 9 148 84 105 129 197 55 44 116 177 
127 12 75 245 161 29 384 10 165 236 414 108 458 83 
135 8 84 79 129 163 369 177 67 118 
136 10 13 294 12 279 165 94 214 260 357 77 
143 4 260 208 423 48 
145 19 148 129 277 55 249 266 84 92 72 251 407 454 393 347 197 417 116 177 43 
146 18 148 88 129 131 113 11 170 84 92 72 65 407 454 368 90 197 369 177 
147 20 148 250 220 55 380 266 84 92 273 144 454 347 197 142 369 260 116 357 43 77 
149 4 245 107 119 108 
155 6 245 29 122 166 414 380 
156 10 46 39 105 129 347 388 55 369 177 118 
165 20 452 188 272 220 55 161 13 294 84 111 136 316 165 94 214 369 260 422 231 77 
166 10 13 294 145 165 94 214 388 260 357 77 
169 10 29 13 389 165 94 214 388 260 357 77 
174 8 29 165 64 120 104 260 81 14 
175 9 13 136 165 94 44 260 357 460 77 
176 10 148 196 49 129 277 388 55 116 357 76 
178 6 29 19 165 120 260 14 
184 13 220 13 294 57 145 279 165 94 214 321 260 357 77 
189 10 245 29 122 165 64 166 176 414 380 69 
194 20 245 64 220 225 210 385 176 108 380 29 19 459 111 279 165 94 214 260 357 77 
195 20 245 64 236 225 210 226 108 380 29 19 459 111 10 279 165 94 214 414 357 162 
203 6 136 37 165 260 380 32 
207 10 29 57 165 64 104 119 260 106 178 77 
219 10 245 29 122 165 120 166 414 380 69 77 
220 8 84 39 129 388 141 71 369 177 
221 12 75 245 29 384 10 165 94 236 414 108 458 162 
223 10 39 65 144 220 332 388 369 177 43 77 
234 6 165 94 260 357 118 77 
239 8 245 29 3 165 64 166 414 380 
240 9 148 84 105 129 388 44 116 177 48 
241 13 56 220 13 294 84 145 165 94 214 388 260 357 77 
242 5 245 29 165 260 77 
243 8 245 192 239 165 236 414 108 380 
249 20 245 64 220 225 210 176 108 380 29 19 459 111 279 165 94 214 399 260 357 77 
251 20 245 182 220 210 176 380 69 29 19 459 111 79 279 165 120 399 260 357 231 77 
252 5 165 16 260 67 77 
255 5 148 84 388 180 177 
259 8 79 94 220 388 369 177 43 77 
263 9 75 56 388 260 43 357 278 48 77 
265 19 148 217 220 55 380 266 196 39 273 144 49 388 142 369 414 116 357 231 77 
267 6 13 165 94 220 260 77 
269 20 220 380 178 29 130 135 87 459 111 136 279 195 120 214 399 260 116 357 43 77 
276 7 73 11 72 332 475 368 180 
279 7 245 29 195 64 260 380 69 
282 9 245 29 122 195 166 414 380 69 48 
283 9 84 39 56 94 220 388 369 177 77 
285 10 245 29 122 195 64 120 166 414 380 69 
290 10 196 39 129 407 90 474 369 177 43 118 
291 20 245 389 64 236 210 285 108 380 29 281 459 10 240 264 107 414 231 4 21 162 
292 5 65 129 474 369 177 
295 10 130 84 136 195 94 220 474 260 357 77 
296 20 245 122 389 64 210 285 380 69 29 19 459 316 240 120 166 107 414 482 231 162 
298 20 245 64 236 210 226 108 380 161 29 19 196 111 145 10 316 240 94 414 231 162 
300 7 19 79 49 240 94 414 48 
302 20 452 220 55 118 249 266 84 39 273 144 240 407 454 368 347 474 369 177 43 77 
303 8 73 88 79 332 368 187 180 177 
304 20 245 3 64 226 380 29 19 111 459 279 240 94 332 166 107 414 116 357 231 77 
306 9 75 196 39 129 474 71 177 76 118 
308 20 64 210 226 178 161 29 19 266 459 316 240 120 343 399 107 260 422 231 81 77 
310 20 148 217 220 55 380 76 266 196 39 273 144 455 347 474 142 260 116 357 43 77 
311 9 39 65 94 220 474 417 177 43 77 
312 20 245 389 64 210 285 108 380 178 29 19 459 279 240 166 107 414 482 231 4 162 
314 9 87 39 220 332 474 417 177 43 77 
315 19 452 105 129 55 76 499 391 11 92 72 251 101 407 454 428 347 474 417 177 
318 5 65 129 474 417 177 
321 11 19 84 136 279 240 94 20 220 260 357 77 
323 6 245 124 166 414 380 178 
325 9 65 49 220 474 417 357 43 48 77 
328 20 272 220 55 380 19 87 391 266 196 302 136 240 94 474 399 260 116 357 43 77 
330 20 452 129 141 71 249 391 266 84 92 72 251 101 407 454 428 347 474 417 177 43 
335 20 245 220 210 176 108 458 75 29 19 266 91 196 145 279 303 94 414 357 231 77 
336 9 92 65 94 220 474 417 177 43 77 
342 20 452 188 272 220 55 19 87 266 12 196 302 136 279 240 94 20 260 357 43 77 
344 20 245 389 64 236 210 285 108 380 29 281 87 459 10 240 264 107 414 4 21 162 
347 20 272 64 226 210 460 48 390 29 87 266 136 240 94 104 107 31 260 422 106 77 
351 8 245 124 29 166 414 380 48 178 
352 9 196 240 238 474 417 177 76 118 77 
357 6 29 240 120 260 32 178 
359 5 130 279 240 94 260 
363 13 384 163 380 29 130 136 240 94 20 414 177 66 77 
365 9 247 29 3 240 64 166 38 414 380 
366 6 92 407 368 474 180 177 
367 11 130 294 384 240 94 20 474 44 414 177 77 
369 20 384 250 130 87 391 266 196 274 273 136 65 144 240 94 455 44 414 177 43 77 
372 8 29 257 240 222 120 470 118 77 
375 5 137 229 240 94 414 
377 6 245 264 236 414 108 178 
379 5 215 240 94 414 32 
381 4 92 90 180 177 
385 20 250 463 215 87 266 196 274 273 136 65 144 101 240 94 407 417 414 177 43 77 
392 5 215 229 240 94 414 
393 20 245 222 236 191 226 108 380 29 281 87 266 196 145 65 10 316 240 94 414 162 
395 12 294 196 136 229 240 120 335 463 500 470 357 77 
400 5 215 229 240 94 414 
406 10 148 84 92 65 129 277 179 206 177 43 
408 11 161 215 196 136 171 240 94 463 414 177 77 
409 11 9 131 73 161 72 88 93 65 475 348 368 
412 20 286 191 226 29 281 87 266 459 136 65 79 229 240 94 44 107 414 422 106 77 
414 11 29 281 384 229 255 222 94 191 414 81 77 
417 20 272 222 29 215 124 87 266 196 274 136 65 229 202 240 94 417 414 357 43 77 
420 12 215 294 196 136 279 240 94 335 463 414 177 77 
423 20 245 222 191 176 108 380 87 29 281 266 196 274 145 65 229 240 94 414 357 77 
424 6 73 105 129 55 177 67 
429 6 245 29 166 414 458 178 
432 10 245 29 192 239 303 94 236 414 108 458 
433 12 215 124 196 136 171 240 94 335 463 414 177 77 
434 5 161 240 414 67 81 
435 20 148 250 463 472 500 391 266 196 92 273 65 144 455 347 44 414 491 177 43 77 
437 5 99 65 332 180 177 
438 9 84 92 240 463 179 417 177 43 77 
442 16 88 392 76 131 73 161 92 72 65 101 407 383 368 90 180 177 
447 7 245 29 64 299 414 108 458 
449 11 86 384 240 222 120 277 343 414 81 178 77 
455 5 245 166 414 108 458 
458 9 75 84 274 65 79 255 177 118 77 
462 18 88 129 392 76 131 266 73 170 92 72 65 101 407 383 90 393 417 177 
467 12 196 92 251 105 407 141 71 417 414 177 43 77 
468 12 29 384 229 240 222 120 104 191 414 81 178 77 
470 10 11 88 92 251 463 407 393 417 177 77 
471 5 148 129 206 177 67 
480 19 463 392 76 249 391 266 274 199 144 101 332 348 393 347 417 31 177 43 77 
481 6 136 240 94 414 67 77 
484 19 272 463 215 124 87 266 196 274 136 202 229 240 94 335 488 417 414 357 77 
486 8 113 274 88 332 368 180 177 100 
491 10 245 29 122 316 255 222 166 414 458 69 
492 6 196 463 141 470 177 77 
493 9 281 84 79 316 49 240 120 470 32 
494 19 222 163 226 119 29 215 294 266 459 229 6 240 94 44 107 414 357 81 77 
495 17 148 88 392 118 249 113 84 274 72 251 101 407 383 368 90 180 177 
500 10 245 29 281 299 222 16 414 108 458 77 
