3651
4 4 447 61 402 59 
7 5 447 204 402 59 309 
9 7 113 447 136 61 306 402 59 
10 6 447 61 402 345 59 76 
11 4 447 402 59 47 
12 5 447 402 59 417 77 
13 5 447 402 59 385 170 
19 4 447 402 59 240 
22 4 447 204 402 440 
26 5 447 61 402 59 417 
29 4 447 61 402 59 
30 7 186 447 61 402 59 298 155 
31 5 343 447 61 402 59 
33 4 447 402 59 440 
34 3 204 91 440 
37 6 447 61 157 402 59 28 
38 6 447 61 493 402 59 170 
39 4 447 402 59 47 
40 5 447 61 84 402 59 
43 5 447 402 197 59 440 
50 5 447 204 402 59 170 
55 5 447 100 437 402 440 
59 6 447 61 402 385 478 129 
60 4 100 422 6 440 
61 4 447 91 402 47 
63 6 447 402 479 385 47 150 
64 7 447 75 61 402 47 374 229 
67 5 447 402 385 47 148 
70 5 447 201 61 402 47 
73 5 447 350 61 402 28 
82 6 317 61 402 192 385 47 
83 5 100 204 402 145 440 
84 5 100 6 204 402 440 
93 4 402 47 440 104 
94 8 75 15 381 61 440 126 229 147 
95 5 100 6 61 440 282 
99 5 459 362 61 319 47 
106 5 100 423 440 374 177 
111 5 100 422 61 440 104 
115 8 100 6 437 298 47 440 155 482 
120 5 100 422 61 440 104 
124 4 100 385 47 440 
128 5 100 422 285 440 104 
129 8 139 422 47 440 104 463 282 134 
130 7 422 350 61 204 91 104 170 
137 4 47 440 322 79 
138 5 139 350 61 198 204 
142 5 139 6 61 37 440 
144 5 139 422 440 63 120 
148 7 139 15 253 219 270 440 87 
150 4 139 422 6 440 
151 6 139 61 294 47 440 63 
162 5 139 362 6 61 440 
169 5 44 422 91 440 104 
170 7 139 422 350 61 244 309 47 
171 5 422 350 6 61 145 
175 6 44 422 57 171 104 46 
176 5 139 350 145 47 27 
177 6 139 75 440 104 63 229 
184 4 261 440 171 104 
192 6 139 6 145 171 104 46 
194 6 6 262 472 57 489 372 
195 7 139 294 145 440 104 490 494 
197 5 459 188 440 171 63 
200 4 459 319 440 171 
201 4 15 385 440 87 
202 4 139 6 145 440 
215 6 139 464 6 15 440 87 
219 7 447 139 294 145 171 104 46 
220 9 139 6 437 138 385 266 440 107 147 
221 5 139 6 75 229 79 
222 5 139 6 15 87 177 
223 6 139 6 7 145 104 105 
228 6 221 95 385 195 280 413 
229 6 362 6 91 145 171 104 
230 5 6 145 385 171 234 
231 5 6 75 15 87 229 
232 5 106 6 15 358 87 
234 7 186 6 40 224 10 177 79 
236 5 6 91 302 104 248 
237 4 57 104 63 120 
239 4 6 15 302 87 
244 5 264 6 91 302 104 
245 5 459 6 84 77 83 
247 7 91 294 302 171 104 490 46 
250 4 6 302 385 104 
251 5 6 91 302 57 104 
254 5 6 495 385 489 361 
257 4 313 6 91 302 
261 6 6 250 302 385 171 13 
267 5 6 91 302 104 248 
269 5 6 302 171 104 46 
276 4 6 15 302 87 
277 4 91 57 104 50 
283 5 2 44 91 104 248 
286 4 116 15 489 87 
288 5 350 178 198 138 63 
289 5 199 302 104 225 212 
291 5 97 381 91 104 248 
292 7 448 84 302 298 104 63 77 
298 5 106 164 302 361 212 
300 5 2 91 294 104 490 
304 7 75 302 385 235 171 104 183 
306 4 302 385 235 63 
307 5 350 91 302 235 104 
308 5 302 385 171 104 63 
310 5 350 15 302 87 8 
311 7 314 95 302 489 149 104 490 
314 6 302 385 63 194 46 212 
318 5 6 91 302 171 104 
319 6 91 302 89 104 166 119 
324 6 91 302 171 104 150 8 
329 4 91 104 43 411 
337 5 2 91 171 104 248 
338 4 341 104 490 50 
340 3 104 63 77 
352 5 44 91 294 490 248 
361 4 44 91 490 248 
364 4 44 6 91 248 
368 6 349 91 89 63 166 213 
371 5 91 294 150 490 248 
376 7 44 60 91 294 490 500 248 
378 4 15 91 87 248 
382 8 41 426 91 89 361 63 166 494 
384 5 426 91 30 361 63 
386 5 97 381 171 63 490 
397 9 44 314 201 37 379 91 89 166 248 
402 4 91 57 355 385 
403 5 121 91 333 479 385 
408 6 417 127 266 63 490 177 
412 4 91 435 291 50 
414 7 376 345 153 171 63 490 77 
421 6 362 91 333 385 173 248 
422 4 91 435 166 50 
430 3 57 63 50 
432 5 206 133 91 57 223 
435 4 412 227 91 50 
438 4 44 91 57 248 
440 4 91 89 63 166 
441 5 350 198 91 138 166 
444 4 140 206 166 50 
446 7 73 250 361 63 374 120 177 
449 5 483 23 294 490 248 
452 3 57 385 166 
455 6 44 314 294 385 490 248 
456 5 15 294 490 87 177 
460 4 457 57 150 248 
461 5 15 240 63 234 87 
462 4 57 332 385 166 
463 6 350 19 384 63 166 27 
465 3 2 57 50 
466 5 44 457 57 323 248 
467 5 299 429 385 92 490 
468 5 250 57 29 385 63 
469 2 57 50 
475 4 221 71 225 43 
477 4 490 27 248 79 
478 6 15 426 361 63 87 251 
481 5 44 80 466 27 248 
482 3 43 50 411 
486 6 459 496 479 385 319 170 
487 6 350 437 29 490 28 147 
488 3 133 89 490 
489 5 457 57 323 225 50 
491 5 294 361 63 490 248 
496 5 44 15 358 89 248 
497 3 350 57 166 
498 2 248 50 
501 5 44 294 192 490 248 
504 2 2 50 
507 4 44 260 323 248 
508 4 15 57 87 50 
511 3 484 57 248 
513 4 2 395 57 248 
514 2 490 50 
516 4 2 57 89 166 
520 6 186 294 89 490 248 79 
522 5 42 89 385 394 248 
525 5 344 31 63 490 248 
527 4 133 57 89 166 
529 5 131 478 63 77 248 
531 5 15 294 89 490 87 
534 5 2 150 63 77 410 
536 3 2 133 29 
537 3 362 57 50 
541 5 385 203 90 63 46 
542 4 89 166 43 411 
545 3 490 119 50 
546 3 350 57 166 
550 4 133 57 89 50 
556 5 464 483 15 87 248 
558 4 473 385 63 490 
559 4 2 385 225 248 
560 1 50 
562 6 2 42 136 385 248 494 
563 4 89 129 166 69 
565 3 121 57 248 
566 4 95 57 252 50 
568 5 57 89 323 248 177 
570 4 350 178 198 28 
574 3 2 459 57 
575 6 15 479 385 234 87 248 
577 5 52 235 361 63 248 
580 4 483 294 490 248 
584 4 197 385 490 166 
585 5 95 355 29 385 248 
586 5 350 384 166 27 120 
591 4 483 166 248 325 
594 3 327 57 50 
598 5 426 418 466 361 50 
604 5 221 385 71 225 468 
606 5 387 57 261 117 68 
607 3 94 437 490 
613 5 493 138 266 490 107 
614 4 468 166 27 248 
617 3 57 166 325 
618 4 57 261 120 50 
622 4 457 57 248 50 
625 5 15 166 87 170 248 
630 5 483 95 195 490 280 
633 5 459 389 48 466 120 
634 6 457 469 298 155 166 248 
638 3 355 385 248 
641 5 42 294 385 490 248 
643 5 250 323 105 248 50 
647 4 131 466 77 248 
648 5 350 135 15 198 138 
656 6 121 275 345 466 153 120 
661 5 452 15 291 87 50 
665 7 15 479 385 490 87 229 46 
673 2 347 50 
674 4 15 173 234 177 
678 4 206 385 77 248 
682 4 350 15 198 361 
691 3 483 385 248 
695 5 483 95 195 490 280 
697 3 133 166 27 
711 3 457 212 248 
712 4 385 166 213 248 
714 4 80 483 493 182 
720 5 350 15 385 49 87 
721 2 1 50 
724 4 457 490 46 50 
727 4 15 385 87 248 
728 2 355 385 
731 2 261 50 
733 5 314 350 95 385 166 
744 4 15 457 87 248 
745 4 133 355 385 248 
746 7 350 135 15 384 99 234 87 
748 4 350 15 198 87 
754 5 384 385 490 166 27 
755 6 350 426 361 490 225 101 
756 3 490 120 50 
759 5 15 385 129 69 87 
762 6 314 40 490 10 43 248 
764 4 314 131 77 248 
766 4 385 150 490 248 
768 5 140 206 385 286 249 
771 5 40 133 490 10 248 
777 4 385 150 490 79 
782 4 496 385 466 248 
783 7 131 191 376 174 77 120 248 
785 4 350 15 28 87 
788 1 50 
797 4 459 15 298 319 
808 4 484 457 166 248 
810 5 459 15 188 87 12 
815 4 133 490 50 79 
818 7 94 163 437 152 490 120 248 
819 4 259 426 361 50 
821 7 355 385 323 266 166 248 494 
823 5 459 188 385 490 248 
825 5 314 384 166 27 46 
827 3 350 490 166 
828 7 21 15 284 270 166 87 248 
830 3 235 490 166 
832 4 426 361 490 50 
833 5 448 294 490 225 248 
834 4 133 385 248 179 
837 4 385 490 248 101 
844 5 80 483 323 160 120 
847 5 154 224 77 177 79 
849 4 250 197 385 490 
850 3 347 355 385 
851 4 350 457 323 166 
852 5 15 385 87 248 34 
853 3 370 385 166 
855 9 75 269 384 361 27 120 229 248 409 
860 5 479 385 43 101 411 
861 4 15 385 150 79 
864 6 15 138 479 385 87 248 
869 1 50 
871 4 150 446 248 50 
875 5 284 95 161 212 50 
878 5 230 490 27 248 79 
879 2 457 248 
888 4 350 80 138 166 
891 6 154 224 490 120 177 79 
893 4 40 490 10 248 
899 2 457 120 
903 3 457 246 252 
906 3 166 69 325 
910 4 452 15 133 496 
911 5 307 350 384 166 27 
912 5 347 284 219 466 212 
914 4 385 490 166 46 
915 5 52 366 285 323 248 
918 5 206 493 173 170 248 
921 5 350 5 138 333 385 
922 3 131 457 248 
926 9 80 37 379 384 466 18 27 120 248 
927 6 426 133 457 323 361 170 
930 5 350 28 403 234 120 
932 5 307 133 457 120 248 
935 6 133 457 470 315 120 170 
941 6 80 235 150 27 446 248 
943 4 484 457 150 248 
944 4 457 490 27 248 
950 5 42 96 437 198 248 
954 3 349 457 248 
956 4 159 1 112 46 
962 4 314 42 493 248 
963 5 347 457 385 323 500 
969 4 457 490 500 248 
975 4 290 378 490 248 
978 4 457 29 28 248 
979 4 452 135 15 227 
981 2 285 490 
986 3 173 165 248 
988 4 483 294 490 248 
993 3 311 159 147 
995 3 296 104 490 
996 1 120 
1000 4 323 490 28 248 
1001 6 484 276 323 150 490 248 
1008 5 307 15 333 385 87 
1011 3 319 77 248 
1012 3 374 248 177 
1014 5 42 457 261 120 248 
1015 3 32 370 385 
1016 6 40 37 384 141 234 248 
1018 7 42 197 345 385 120 39 248 
1021 2 496 120 
1023 1 497 
1024 5 231 489 26 28 248 
1025 3 457 248 101 
1028 6 42 52 294 385 235 248 
1034 4 198 478 28 69 
1036 5 314 95 457 385 248 
1038 1 497 
1039 4 457 323 248 34 
1043 4 42 381 457 248 
1048 1 494 
1050 3 42 457 248 
1051 6 135 15 198 138 385 273 
1052 4 198 435 355 385 
1053 5 347 457 294 323 248 
1058 5 15 224 385 87 79 
1059 5 459 15 188 385 87 
1060 4 173 77 87 248 
1063 1 285 
1067 4 457 384 235 27 
1069 2 264 158 
1070 4 42 457 248 239 
1072 1 366 
1080 5 140 206 457 294 248 
1082 6 452 384 27 87 500 248 
1083 3 311 347 496 
1084 2 457 248 
1085 5 259 426 457 87 248 
1089 5 189 347 138 233 107 
1091 8 42 97 381 294 192 127 43 248 
1094 7 80 227 457 237 27 120 229 
1096 5 426 121 275 470 443 
1097 1 98 
1098 4 457 1 323 248 
1101 4 29 77 28 248 
1106 6 457 250 496 479 261 117 
1109 4 42 29 125 248 
1110 5 457 260 323 120 248 
1111 5 483 496 479 87 248 
1112 3 457 120 248 
1113 5 29 479 43 320 411 
1114 4 457 355 496 248 
1120 5 457 285 120 46 407 
1122 3 131 457 248 
1125 5 294 138 107 43 248 
1126 4 29 241 170 320 
1128 6 80 182 471 212 93 248 
1129 4 457 88 87 248 
1131 2 457 248 
1133 5 42 96 457 198 248 
1142 4 131 42 457 248 
1144 3 347 457 323 
1145 7 80 64 373 323 248 147 79 
1148 3 484 457 248 
1149 2 284 212 
1152 6 417 127 77 234 410 177 
1157 3 347 418 466 
1163 7 2 221 95 219 195 280 413 
1164 4 131 483 87 248 
1167 3 457 384 234 
1176 2 315 212 
1177 4 483 435 355 333 
1178 6 340 351 173 161 249 79 
1180 5 29 285 125 170 248 
1186 5 457 384 225 468 234 
1187 5 457 469 155 248 79 
1192 2 457 248 
1193 3 457 394 248 
1195 7 459 207 319 77 46 212 62 
1198 1 311 
1201 4 37 379 496 479 
1203 4 323 43 248 411 
1208 6 362 333 285 120 46 407 
1213 6 294 224 489 213 177 79 
1216 7 351 108 173 241 249 77 170 
1218 3 94 121 248 
1219 7 351 173 249 234 14 248 79 
1223 1 170 
1224 5 483 120 43 411 56 
1225 4 42 466 43 101 
1228 4 457 29 77 28 
1229 6 378 384 468 234 120 409 
1231 4 227 85 355 397 
1233 3 121 275 400 
1234 7 135 96 384 234 87 500 273 
1239 1 457 
1241 3 131 457 500 
1242 5 437 266 120 107 147 
1244 7 116 131 191 376 206 155 482 
1247 5 116 80 206 3 235 
1252 1 79 
1255 5 116 457 294 192 451 
1258 4 457 57 29 28 
1259 4 37 457 379 323 
1260 4 287 435 470 120 
1261 7 116 121 469 298 174 120 179 
1263 4 457 260 323 120 
1267 3 116 457 323 
1270 4 347 29 120 320 
1271 3 201 457 285 
1275 1 457 
1280 4 323 43 223 411 
1283 1 194 
1287 1 261 
1289 1 121 
1291 4 435 29 315 28 
1293 2 347 457 
1298 1 347 
1305 3 435 291 147 
1306 2 374 177 
1308 1 366 
1309 3 199 470 225 
1311 3 457 323 234 
1312 1 197 
1313 2 347 147 
1318 5 80 347 227 457 323 
1319 5 497 140 206 286 249 
1320 4 94 437 1 225 
1323 5 80 347 29 466 234 
1324 4 131 316 457 500 
1326 3 483 170 79 
1331 6 483 369 457 120 101 56 
1333 4 457 250 470 120 
1334 5 381 178 29 28 331 
1336 7 221 80 448 250 235 71 408 
1338 4 227 457 435 173 
1340 6 116 457 270 323 160 87 
1346 6 459 264 188 319 120 409 
1351 4 116 484 219 457 
1353 5 116 307 275 457 87 
1355 5 96 457 470 170 79 
1360 1 457 
1361 6 459 133 389 489 87 76 
1372 3 457 355 212 
1375 2 261 117 
1386 7 116 483 493 294 374 170 177 
1395 4 157 400 442 500 
1396 5 457 417 234 120 177 
1397 6 116 48 345 466 150 120 
1399 2 457 239 
1400 2 374 177 
1401 5 339 206 351 390 173 
1402 3 457 43 411 
1403 5 116 284 457 294 212 
1404 1 323 
1406 2 307 457 
1411 7 457 1 323 120 170 229 46 
1412 1 457 
1415 5 116 347 457 87 62 
1416 5 116 244 457 309 323 
1418 4 459 261 234 223 
1420 5 457 442 468 234 500 
1427 4 116 484 457 160 
1432 4 80 1 394 46 
1435 5 497 473 496 404 468 
1445 4 457 323 43 411 
1446 4 458 227 457 291 
1448 4 131 40 457 10 
1449 3 116 457 355 
1450 2 497 173 
1451 4 29 125 203 470 
1455 5 284 457 471 212 93 
1457 3 264 327 91 
1458 5 452 135 234 87 177 
1459 4 75 457 323 193 
1461 6 94 437 250 71 43 411 
1465 4 199 264 457 323 
1466 5 116 80 323 160 87 
1469 3 131 264 457 
1473 3 140 206 457 
1478 4 457 323 234 455 
1479 5 347 48 285 466 120 
1484 7 307 457 1 120 321 46 494 
1486 3 370 29 320 
1492 4 355 442 261 500 
1495 2 362 29 
1499 3 116 314 449 
1500 4 29 43 320 411 
1504 4 201 457 285 173 
1506 4 457 1 394 46 
1509 6 116 307 457 323 325 34 
1511 6 52 437 285 235 323 248 
1515 4 201 457 285 323 
1520 1 1 
1524 1 457 
1528 3 116 457 294 
1529 1 234 
1532 3 116 259 426 
1533 1 120 
1539 4 116 97 219 261 
1543 6 118 493 435 234 170 177 
1546 1 116 
1549 3 250 261 117 
1550 2 347 120 
1553 1 347 
1558 5 203 90 120 46 407 
1565 2 362 400 
1569 6 307 206 333 249 82 147 
1572 3 435 29 28 
1574 6 381 426 1 120 46 407 
1578 3 307 72 466 
1585 1 264 
1586 4 116 484 435 160 
1587 4 116 484 294 173 
1588 3 341 151 101 
1594 2 448 325 
1596 4 201 435 285 235 
1597 5 435 29 252 125 470 
1606 4 400 323 101 494 
1607 6 365 250 294 261 150 170 
1608 5 41 185 29 465 28 
1613 1 314 
1615 3 426 120 409 
1618 3 323 470 120 
1619 5 116 307 240 234 120 
1626 4 435 400 120 170 
1629 4 326 323 43 411 
1634 3 435 318 223 
1635 4 75 323 120 229 
1636 5 452 264 135 96 273 
1637 4 311 264 261 117 
1640 4 140 206 340 249 
1641 3 140 374 177 
1647 6 452 264 135 96 10 273 
1648 3 459 435 319 
1649 1 325 
1651 1 471 
1659 1 167 
1664 3 382 325 147 
1668 4 75 4 323 43 
1672 4 260 294 192 323 
1681 8 459 426 471 479 466 150 120 212 
1684 6 97 135 96 197 489 273 
1688 4 96 417 273 177 
1691 1 29 
1695 3 459 228 188 
1696 1 468 
1699 5 426 1 120 46 407 
1700 5 80 206 95 160 280 
1705 2 497 428 
1712 7 347 206 466 425 470 46 101 
1719 1 150 
1720 5 347 48 400 466 494 
1726 6 80 48 466 18 470 120 
1729 2 347 120 
1731 2 400 179 
1733 4 311 131 91 294 
1735 4 75 4 294 43 
1742 4 85 40 150 10 
1743 3 120 147 177 
1747 2 483 294 
1749 4 48 466 120 39 
1751 4 311 400 333 120 
1753 1 50 
1756 2 294 400 
1757 4 97 261 470 120 
1765 4 110 120 33 36 
1770 2 65 309 
1771 4 311 381 252 126 
1777 1 459 
1780 4 459 75 319 43 
1782 2 400 442 
1783 5 75 363 120 43 229 
1791 3 362 412 400 
1792 3 120 101 409 
1796 3 459 374 177 
1799 2 276 400 
1803 3 452 316 291 
1810 3 285 470 120 
1811 2 72 250 
1812 2 250 371 
1814 2 95 280 
1816 3 131 175 1 
1819 3 470 174 120 
1827 1 362 
1835 2 484 294 
1839 4 426 1 46 354 
1840 1 494 
1844 2 197 43 
1848 3 284 121 212 
1854 2 74 197 
1856 5 1 112 439 170 46 
1859 5 284 157 252 212 34 
1860 1 358 
1874 1 121 
1875 4 221 250 71 43 
1877 2 489 330 
1878 2 120 43 
1882 5 131 121 275 294 120 
1884 4 48 466 120 432 
1888 1 43 
1892 6 131 294 400 173 120 342 
1893 4 314 484 294 160 
1895 1 277 
1896 1 494 
1901 5 42 131 121 275 294 
1908 3 261 120 409 
1909 2 314 327 
1911 5 422 484 52 285 160 
1916 1 160 
1921 1 170 
1928 1 14 
1929 5 85 95 29 161 320 
1943 3 29 261 320 
1947 2 197 441 
1949 1 131 
1955 2 1 46 
1961 6 294 110 285 261 46 36 
1963 2 48 466 
1966 1 291 
1973 1 101 
1974 2 284 212 
1981 4 131 75 405 43 
1985 1 131 
1988 2 311 147 
1990 1 327 
1991 2 261 107 
1992 6 264 284 121 294 14 212 
1993 3 157 489 494 
1996 1 1 
2001 5 75 470 54 174 229 
2003 4 22 301 150 43 
2007 1 357 
2008 2 400 442 
2012 2 400 470 
2013 6 498 259 426 373 43 170 
2021 2 131 294 
2030 1 173 
2032 1 325 
2038 4 314 459 228 188 
2040 2 80 400 
2045 2 40 10 
2047 4 362 400 252 470 
2049 1 173 
2053 5 106 164 381 489 212 
2063 1 194 
2065 1 120 
2074 4 317 131 496 479 
2076 3 366 358 101 
2078 3 65 426 309 
2079 5 48 345 153 120 432 
2084 4 121 294 192 451 
2090 1 497 
2094 8 459 75 496 479 261 150 120 229 
2095 2 395 1 
2100 2 48 432 
2104 1 497 
2106 2 120 409 
2113 1 120 
2114 5 484 287 344 470 120 
2115 2 395 1 
2118 2 476 170 
2127 4 131 191 376 236 
2129 1 173 
2138 1 252 
2139 2 468 177 
2142 5 484 287 96 470 120 
2148 4 150 329 446 432 
2151 4 120 214 170 56 
2152 1 194 
2154 4 328 459 364 188 
2156 2 294 400 
2162 7 206 340 294 110 261 249 36 
2169 1 10 
2170 7 459 40 222 120 10 43 39 
2173 2 170 239 
2177 3 85 493 250 
2179 4 294 451 30 43 
2182 2 395 1 
2184 4 284 121 1 46 
2187 1 109 
2188 1 157 
2194 7 314 131 191 40 301 10 43 
2195 3 140 206 294 
2197 4 484 140 96 160 
2199 2 259 426 
2203 1 145 
2204 4 351 209 108 249 
2208 3 157 29 320 
2211 2 259 426 
2224 1 246 
2225 5 426 370 400 285 170 
2233 1 315 
2234 4 484 400 298 155 
2239 4 452 94 437 291 
2240 5 29 468 120 170 320 
2246 6 333 129 49 69 16 177 
2251 2 314 489 
2258 4 129 49 69 16 
2263 3 97 129 69 
2264 2 298 397 
2272 3 298 261 155 
2277 1 285 
2278 3 78 294 111 
2286 4 294 400 173 342 
2290 2 110 36 
2292 3 95 390 125 
2294 6 221 95 195 172 280 413 
2297 2 497 46 
2299 5 131 121 275 84 120 
2300 2 121 275 
2302 5 80 496 479 235 261 
2303 4 131 400 333 120 
2309 2 362 400 
2311 2 484 43 
2313 3 459 228 188 
2314 1 378 
2315 1 246 
2318 1 261 
2335 1 43 
2336 3 362 400 394 
2337 4 460 246 471 261 
2340 1 470 
2341 1 131 
2349 6 250 496 479 261 150 117 
2358 2 106 322 
2365 4 284 38 285 252 
2366 2 75 43 
2368 1 468 
2374 3 284 41 494 
2375 1 349 
2377 2 364 43 
2383 5 75 284 270 120 229 
2386 2 497 341 
2388 3 390 28 43 
2389 1 400 
2392 2 493 289 
2399 3 231 489 322 
2412 7 416 298 266 155 470 482 120 
2418 1 428 
2421 3 197 261 107 
2424 1 175 
2425 3 75 471 324 
2426 1 250 
2429 4 40 390 28 10 
2433 1 378 
2448 6 110 285 120 282 36 56 
2451 4 106 414 322 46 
2455 1 400 
2456 2 199 470 
2460 1 314 
2461 2 362 285 
2464 1 470 
2466 2 227 467 
2470 3 484 80 235 
2474 3 374 177 101 
2477 4 362 400 390 285 
2479 6 362 417 127 266 120 177 
2485 4 259 426 150 170 
2490 5 186 154 474 224 101 
2493 3 111 468 356 
2494 1 400 
2496 1 322 
2498 4 378 270 400 34 
2499 1 120 
2501 3 426 140 206 
2506 2 400 120 
2515 5 360 284 420 261 120 
2516 3 291 214 170 
2517 4 40 390 285 223 
2526 1 196 
2528 1 252 
2534 4 452 264 135 96 
2535 2 285 235 
2537 1 400 
2538 1 160 
2541 1 147 
2543 6 459 389 48 120 76 432 
2547 4 110 463 282 134 
2548 1 395 
2555 1 325 
2568 5 221 250 71 404 43 
2583 1 426 
2584 7 75 468 160 27 120 229 409 
2585 3 197 374 441 
2587 7 287 344 48 345 153 470 120 
2588 2 150 430 
2595 4 140 206 286 249 
2596 2 396 101 
2601 3 314 9 390 
2603 2 311 147 
2606 4 94 437 285 470 
2608 4 259 426 400 261 
2609 3 85 275 470 
2610 1 34 
2611 6 84 351 209 108 394 249 
2614 3 493 390 320 
2615 4 250 197 261 107 
2616 1 381 
2622 2 261 107 
2627 1 23 
2630 3 378 80 235 
2631 3 189 96 233 
2639 2 314 449 
2641 4 390 125 291 470 
2642 5 496 479 261 470 117 
2644 2 223 409 
2645 1 285 
2648 2 381 331 
2649 1 409 
2650 2 327 390 
2652 2 96 285 
2658 1 8 
2659 1 356 
2663 3 459 244 309 
2667 2 400 285 
2673 1 445 
2677 1 445 
2678 4 140 206 425 46 
2681 1 349 
2686 4 299 429 78 92 
2687 3 287 344 390 
2691 3 75 420 229 
2705 5 260 129 49 69 16 
2706 1 493 
2707 2 80 235 
2708 1 223 
2709 3 261 150 170 
2711 3 445 250 165 
2713 2 497 298 
2715 1 96 
2717 1 287 
2718 1 374 
2720 1 325 
2721 1 400 
2729 3 94 437 494 
2731 5 221 95 195 280 413 
2735 3 284 400 81 
2739 1 148 
2746 6 226 390 285 125 170 34 
2747 1 43 
2751 1 459 
2759 2 298 409 
2762 1 400 
2763 5 186 154 474 224 374 
2776 2 110 36 
2778 2 75 229 
2780 4 316 394 338 468 
2784 2 285 210 
2786 2 390 125 
2788 1 374 
2792 3 400 285 46 
2797 4 459 94 319 261 
2798 1 443 
2799 4 314 378 400 24 
2807 3 189 233 150 
2809 4 314 227 400 137 
2810 2 43 170 
2820 2 227 250 
2823 1 46 
2827 2 390 28 
2829 1 311 
2830 3 246 112 160 
2839 1 325 
2840 1 332 
2841 2 445 479 
2846 5 459 495 400 285 235 
2850 3 314 201 285 
2854 2 445 140 
2859 2 484 240 
2863 1 43 
2866 8 362 486 496 261 150 117 170 36 
2867 3 110 285 36 
2868 3 327 242 400 
2869 2 497 134 
2888 3 113 112 374 
2889 2 493 468 
2894 2 227 400 
2896 1 400 
2904 4 378 468 43 409 
2911 2 400 239 
2913 4 52 31 285 235 
2918 1 174 
2924 1 43 
2930 1 219 
2931 1 43 
2934 2 314 449 
2935 1 43 
2936 1 314 
2937 1 410 
2941 1 170 
2942 2 72 170 
2944 1 390 
2946 4 452 135 96 250 
2947 3 112 319 170 
2948 4 140 175 390 425 
2949 1 200 
2960 1 48 
2961 1 270 
2969 5 314 298 155 482 449 
2973 1 98 
2976 1 400 
2977 1 250 
2982 7 97 125 478 69 170 229 147 
3009 2 214 170 
3011 4 71 43 170 147 
3012 1 43 
3014 4 445 110 282 36 
3015 4 496 479 261 117 
3018 2 445 165 
3025 5 135 96 390 28 43 
3026 2 186 285 
3028 1 252 
3033 2 362 412 
3038 1 227 
3041 4 85 40 160 223 
3048 3 395 326 487 
3050 8 94 395 381 326 437 487 126 147 
3052 4 496 479 235 261 
3053 2 95 280 
3061 3 459 228 188 
3065 2 113 48 
3068 1 400 
3071 2 497 298 
3072 3 75 493 229 
3076 1 311 
3079 1 400 
3080 1 400 
3081 4 498 426 43 170 
3083 2 378 455 
3089 1 325 
3093 3 400 442 50 
3094 4 426 400 33 354 
3095 5 235 150 214 170 409 
3096 1 147 
3100 2 269 400 
3116 1 484 
3119 4 252 261 117 170 
3120 1 252 
3122 1 252 
3126 6 221 95 195 172 280 413 
3127 1 23 
3133 1 291 
3135 1 464 
3137 1 358 
3140 1 250 
3158 3 85 72 10 
3161 2 240 443 
3166 3 362 412 443 
3173 3 275 84 400 
3175 1 374 
3183 1 417 
3186 4 464 88 345 432 
3189 2 78 400 
3200 1 395 
3203 1 484 
3210 1 147 
3212 2 43 494 
3216 2 7 223 
3217 1 291 
3218 2 493 250 
3220 2 493 289 
3227 4 459 362 412 319 
3230 1 284 
3233 5 284 370 400 285 252 
3248 2 458 101 
3253 2 287 344 
3254 2 158 261 
3257 3 244 112 309 
3261 3 426 400 354 
3271 1 374 
3277 5 445 140 340 351 249 
3279 3 186 335 468 
3281 6 459 389 48 250 71 170 
3286 3 150 468 446 
3287 1 96 
3291 2 275 266 
3293 3 75 363 43 
3298 6 110 261 463 282 147 36 
3299 1 417 
3301 4 75 493 43 229 
3307 3 275 84 400 
3311 1 319 
3315 2 201 285 
3316 1 235 
3318 1 186 
3320 1 196 
3324 8 221 75 95 195 107 229 280 413 
3325 1 75 
3327 1 311 
3333 6 201 75 363 285 235 43 
3335 2 298 155 
3337 3 95 161 280 
3348 1 390 
3351 4 106 381 400 126 
3361 1 157 
3367 3 378 110 36 
3370 2 358 43 
3372 2 390 147 
3377 7 95 195 125 169 170 229 280 
3380 2 484 43 
3384 1 250 
3386 5 457 469 298 155 174 
3390 3 381 429 126 
3392 1 400 
3396 4 191 497 376 494 
3400 3 395 326 487 
3409 2 111 468 
3410 4 496 479 261 117 
3418 4 75 499 390 43 
3419 1 101 
3423 1 101 
3435 6 48 345 214 170 39 432 
3436 1 400 
3439 3 478 129 69 
3440 2 246 390 
3445 2 291 325 
3451 3 287 129 69 
3456 1 497 
3457 1 174 
3465 5 311 395 326 219 487 
3477 1 261 
3481 4 496 479 261 117 
3485 4 191 497 376 250 
3488 2 140 425 
3490 3 335 400 468 
3491 2 261 117 
3496 2 85 250 
3497 3 484 276 150 
3499 5 459 185 390 465 28 
3500 4 497 395 31 101 
3502 1 378 
3506 5 185 390 465 28 43 
3514 2 147 407 
3516 3 250 241 170 
3517 3 110 261 36 
3529 1 159 
3538 5 445 89 235 261 36 
3539 2 199 400 
3545 2 124 43 
3547 2 112 223 
3551 3 284 400 81 
3555 3 314 390 320 
3556 2 484 276 
3557 1 261 
3558 1 96 
3559 7 464 75 349 478 129 69 43 
3567 3 314 381 449 
3571 1 174 
3575 2 74 409 
3576 2 365 250 
3580 1 459 
3581 1 400 
3586 2 75 324 
3590 3 199 284 270 
3598 1 140 
3599 1 456 
3610 1 261 
3612 1 285 
3613 1 261 
3614 2 95 280 
3615 1 284 
3623 1 10 
3625 5 459 389 48 76 432 
3628 1 497 
3629 5 311 497 381 96 126 
3632 4 75 479 150 43 
3633 2 314 471 
3636 2 495 285 
3641 5 75 493 390 320 229 
3657 5 493 496 261 150 170 
3672 1 330 
3679 2 48 261 
3680 2 48 261 
3681 1 200 
3698 1 321 
3700 2 445 165 
3711 3 227 374 467 
3715 1 10 
3718 2 400 261 
3721 2 476 170 
3724 1 250 
3725 2 57 223 
3729 2 259 426 
3730 1 150 
3734 3 201 285 235 
3742 1 400 
3746 2 150 446 
3752 2 75 418 
3753 2 235 374 
3754 7 362 250 145 496 479 261 117 
3761 3 314 201 140 
3762 4 459 270 319 105 
3765 1 316 
3768 2 395 147 
3781 1 419 
3784 2 497 400 
3785 2 259 426 
3790 2 314 147 
3791 2 298 409 
3794 1 378 
3795 2 417 390 
3800 4 497 395 31 356 
3802 1 400 
3804 3 75 43 229 
3806 6 221 493 250 71 43 289 
3807 6 287 344 469 309 229 103 
3808 2 400 3 
3815 4 75 493 229 215 
3817 5 313 94 163 437 152 
3821 4 390 28 39 432 
3828 4 328 459 364 188 
3832 5 314 486 110 261 36 
3833 1 416 
3835 4 497 75 400 229 
3837 2 287 112 
3840 4 192 451 148 43 
3841 3 459 228 188 
3842 3 159 6 43 
3844 5 186 75 269 493 229 
3846 1 429 
3848 1 112 
3850 3 381 20 126 
3852 4 314 400 333 149 
3855 3 48 153 432 
3856 1 150 
3858 3 110 261 36 
3860 1 150 
3862 5 360 284 227 420 261 
3875 1 97 
3876 2 349 250 
3877 1 111 
3878 4 85 110 261 36 
3879 1 400 
3881 1 210 
3883 2 429 174 
3884 6 191 362 376 345 153 432 
3886 8 221 220 95 195 165 280 413 342 
3892 1 311 
3893 3 96 110 36 
3895 1 381 
3896 1 170 
3897 5 452 492 150 446 325 
3898 2 445 400 
3900 2 201 233 
3902 2 493 250 
3903 2 236 418 
3904 2 497 207 
3905 2 426 390 
3906 2 75 43 
3907 5 459 75 78 188 229 
3917 3 94 437 147 
3918 5 459 415 182 71 43 
3920 1 400 
3921 2 43 409 
3922 1 14 
3924 1 140 
3934 3 110 261 36 
3943 2 378 400 
3945 2 96 471 
3954 2 362 412 
3956 2 75 43 
3958 1 98 
3959 4 226 192 451 34 
3960 6 186 154 474 224 318 101 
3961 1 325 
3963 3 192 451 43 
3967 2 390 223 
3971 5 484 140 400 286 249 
3975 3 250 71 43 
3977 5 327 368 400 261 229 
3979 2 292 101 
3982 3 75 420 229 
3984 3 48 345 432 
3987 1 124 
3988 1 197 
3990 3 317 192 451 
3994 2 37 379 
3996 1 250 
3997 2 314 9 
3999 3 85 419 10 
4001 2 390 372 
4002 1 497 
4010 6 445 340 351 150 161 249 
4012 3 48 345 122 
4013 3 191 376 207 
4022 1 261 
4023 1 433 
4028 1 291 
4030 2 244 309 
4031 2 493 250 
4042 2 400 333 
4043 1 186 
4047 6 94 362 412 437 261 36 
4049 4 48 478 129 69 
4072 1 400 
4074 3 259 426 456 
4082 5 445 340 351 209 249 
4086 1 31 
4092 3 75 229 356 
4094 2 484 276 
4106 3 496 479 101 
4110 1 373 
4114 4 97 269 429 182 
4117 3 284 261 107 
4119 1 74 
4120 4 284 400 119 62 
4122 1 284 
4130 1 433 
4131 3 75 4 229 
4139 3 48 175 345 
4143 3 452 135 96 
4146 2 377 409 
4147 2 484 170 
4151 1 315 
4154 1 479 
4158 4 314 102 309 215 
4165 1 314 
4167 1 400 
4172 4 49 69 16 325 
4177 1 390 
4186 2 364 261 
4199 2 390 125 
4203 3 364 170 223 
4205 2 41 494 
4206 4 311 381 349 126 
4207 1 291 
4208 2 395 48 
4210 1 147 
4211 5 459 228 188 400 494 
4217 2 400 442 
4219 1 400 
4222 6 106 340 351 209 161 249 
4224 2 400 298 
4228 2 75 229 
4229 4 65 95 309 280 
4232 2 244 309 
4235 2 362 412 
4240 5 445 390 150 28 446 
4243 2 57 390 
4250 1 400 
4255 4 459 136 188 246 
4262 2 227 315 
4267 2 400 261 
4270 1 311 
4274 3 284 493 270 
4275 1 445 
4278 5 97 246 496 479 261 
4279 4 375 192 196 451 
4283 2 381 400 
4287 3 459 284 495 
4291 1 75 
4294 1 400 
4297 3 96 400 393 
4305 1 147 
4311 2 311 85 
4312 1 196 
4313 1 390 
4316 3 314 9 375 
4319 4 426 429 400 354 
4332 2 400 333 
4334 3 186 474 224 
4339 4 97 381 126 119 
4345 3 75 390 28 
4348 3 484 395 400 
4363 1 315 
4364 5 97 381 127 261 266 
4372 1 417 
4373 2 484 284 
4375 1 464 
4378 3 484 96 48 
4380 5 452 135 96 197 273 
4381 1 284 
4383 2 445 288 
4386 2 355 479 
4387 3 375 205 101 
4390 2 475 479 
4391 1 419 
4394 1 261 
4399 5 496 479 261 150 147 
4408 2 214 170 
4409 4 186 154 474 224 
4411 1 78 
4412 3 311 362 412 
4419 1 395 
4424 1 140 
4426 2 214 170 
4437 1 418 
4438 2 127 266 
4444 2 31 78 
4446 1 207 
4447 3 341 291 151 
4448 2 381 316 
4456 1 170 
4459 1 284 
4462 2 400 333 
4463 1 174 
4464 1 7 
4466 2 459 409 
4468 2 150 446 
4471 5 191 376 400 345 153 
4474 2 85 428 
4479 2 60 150 
4484 3 259 445 426 
4487 1 362 
4488 5 84 351 209 108 249 
4496 2 390 261 
4497 3 390 261 28 
4507 4 469 298 155 321 
4509 1 458 
4513 1 314 
4521 3 390 125 147 
4529 1 125 
4532 2 269 386 
4539 2 400 496 
4544 3 178 28 431 
4546 1 459 
4547 1 10 
4549 2 311 134 
4550 2 95 280 
4551 1 186 
4556 1 427 
4559 1 409 
4560 2 48 230 
4565 1 250 
4571 5 291 150 214 170 409 
4572 1 170 
4579 2 406 183 
4580 2 314 449 
4581 2 94 437 
4584 1 269 
4585 2 400 333 
4586 2 400 442 
4589 1 147 
4597 1 261 
4600 2 192 451 
4601 2 78 170 
4609 1 459 
4610 1 246 
4611 2 221 400 
4614 3 298 155 482 
4619 3 261 301 10 
4624 2 75 291 
4626 1 10 
4628 3 96 400 442 
4630 1 317 
4635 2 299 400 
4641 1 471 
4645 2 484 400 
4650 2 284 407 
4657 1 96 
4659 2 484 10 
4663 5 317 327 96 192 451 
4664 4 314 201 214 170 
4665 1 84 
4667 2 125 261 
4669 1 74 
4680 1 98 
4681 1 159 
4693 2 425 150 
4696 3 284 337 400 
4697 2 484 400 
4698 2 65 309 
4703 3 284 409 407 
4704 3 299 400 420 
4705 1 375 
4709 2 244 309 
4710 2 246 112 
4711 1 314 
4712 1 314 
4718 4 94 437 271 143 
4727 1 417 
4731 5 445 366 351 249 409 
4737 3 298 155 482 
4740 1 106 
4745 1 400 
4754 1 386 
4762 1 261 
4764 1 349 
4766 1 445 
4767 4 94 437 10 147 
4782 1 311 
4785 1 484 
4791 2 445 261 
4792 1 425 
4796 3 284 337 400 
4801 6 186 75 269 493 229 325 
4811 2 65 309 
4818 2 246 261 
4821 2 276 150 
4826 3 327 242 400 
4830 2 75 229 
4835 2 314 201 
4836 4 94 395 437 400 
4841 3 314 95 400 
4849 1 313 
4851 3 495 400 170 
4857 3 370 246 400 
4859 1 400 
4861 3 340 268 249 
4867 2 321 170 
4869 1 10 
4870 3 75 127 266 
4872 3 400 286 249 
4873 1 119 
4874 1 284 
4876 1 494 
4882 3 366 261 170 
4885 2 445 165 
4888 2 261 107 
4895 3 279 125 187 
4905 2 298 155 
4906 1 56 
4909 1 381 
4912 1 291 
4913 3 415 182 71 
4914 2 400 442 
4915 4 387 95 195 280 
4916 1 316 
4920 4 464 197 261 107 
4922 2 445 197 
4925 2 190 261 
4935 3 186 381 174 
4947 1 319 
4952 5 496 479 261 170 147 
4954 2 284 170 
4956 1 150 
4958 4 328 459 364 188 
4966 1 400 
4968 1 124 
4974 1 314 
4977 1 400 
4981 2 250 13 
4986 3 496 479 261 
4987 4 248 325 282 134 
4992 2 459 319 
4997 1 400 
4998 1 207 
4999 2 400 494 
5000 2 445 261 
14 2 314 42 
16 3 340 351 150 
18 2 28 170 
20 1 311 
25 2 214 170 
28 1 250 
35 4 94 163 437 10 
45 1 374 
53 4 362 496 479 261 
57 1 445 
65 3 94 437 333 
69 1 56 
72 2 362 400 
74 3 190 298 261 
76 1 442 
77 1 260 
78 3 478 129 69 
79 4 360 493 250 420 
85 1 373 
87 2 400 333 
92 2 464 394 
97 2 219 125 
101 3 362 261 170 
102 1 400 
105 1 38 
109 1 371 
114 2 452 135 
117 1 174 
121 1 374 
123 1 374 
125 2 366 418 
127 1 246 
131 2 382 147 
132 1 233 
136 6 219 185 236 418 465 28 
139 4 246 496 479 261 
140 1 186 
143 1 400 
145 2 214 170 
147 1 55 
152 3 94 437 417 
155 1 260 
157 3 94 437 261 
166 1 459 
168 3 219 48 111 
173 2 493 289 
174 1 227 
179 2 362 327 
180 1 330 
183 2 459 188 
186 2 219 150 
188 2 381 126 
189 1 417 
205 3 75 493 229 
208 1 494 
210 1 417 
214 1 459 
235 2 362 298 
242 2 314 201 
243 2 362 400 
246 1 119 
248 2 375 394 
249 1 57 
256 1 400 
258 2 75 400 
259 3 423 150 374 
260 1 456 
262 2 309 237 
265 2 170 223 
268 1 366 
271 2 459 170 
274 2 445 261 
278 3 445 340 351 
279 1 327 
280 1 400 
282 2 318 10 
287 2 459 319 
295 2 400 170 
296 2 311 174 
305 2 286 249 
312 1 78 
317 2 186 250 
322 1 400 
328 3 469 298 155 
330 1 314 
332 1 366 
333 4 314 227 149 315 
335 5 369 478 129 69 56 
341 1 260 
342 2 261 409 
344 2 125 239 
348 1 28 
354 1 366 
355 1 309 
356 1 433 
359 1 426 
366 4 262 472 28 372 
367 1 28 
374 1 28 
375 3 150 214 170 
379 3 75 363 261 
387 2 22 301 
388 3 246 112 471 
390 2 284 400 
394 1 496 
396 1 147 
398 1 395 
400 2 377 409 
401 1 362 
406 2 221 400 
409 2 462 277 
411 2 112 3 
419 3 459 389 76 
425 1 14 
427 1 135 
428 1 375 
431 4 75 22 301 229 
434 1 269 
450 2 325 134 
453 4 459 38 207 107 
458 1 454 
470 3 351 209 108 
476 1 170 
484 1 159 
485 1 261 
493 3 345 153 374 
495 1 464 
499 1 48 
500 1 240 
503 1 409 
505 1 374 
510 3 496 479 150 
515 1 284 
517 4 250 478 129 69 
519 1 374 
538 1 400 
540 1 261 
543 2 314 449 
547 1 374 
548 1 38 
551 1 150 
553 2 314 149 
561 1 407 
567 1 136 
569 3 459 48 19 
571 2 106 135 
573 3 48 261 18 
579 2 318 374 
581 1 374 
583 2 445 101 
587 1 125 
592 1 381 
596 5 186 75 154 474 224 
602 2 459 228 
605 2 316 119 
609 2 425 150 
610 2 37 379 
611 2 72 170 
612 1 311 
615 1 374 
616 3 415 182 71 
621 2 227 71 
623 1 400 
624 2 125 150 
626 2 426 30 
637 2 250 283 
644 2 362 412 
645 5 310 304 469 150 229 
649 8 95 345 195 125 153 169 170 280 
650 2 445 366 
651 1 101 
652 1 227 
655 2 233 107 
658 4 469 298 155 174 
659 2 95 48 
660 4 445 340 437 351 
662 1 400 
663 2 489 119 
664 1 400 
666 1 409 
667 2 75 227 
668 3 94 437 182 
669 2 395 494 
671 1 114 
675 2 10 147 
676 2 246 112 
677 3 244 181 309 
684 1 499 
685 5 445 426 340 249 142 
688 1 381 
690 1 227 
710 1 67 
715 1 67 
717 1 210 
719 1 381 
722 2 250 373 
725 4 48 230 170 132 
735 3 75 324 433 
736 2 493 289 
739 3 314 189 233 
747 2 442 174 
758 1 433 
772 1 14 
775 3 75 419 229 
776 1 381 
778 2 362 364 
779 2 311 445 
784 3 344 75 229 
786 1 471 
790 3 192 451 223 
794 4 314 459 227 149 
796 4 395 326 487 147 
804 2 445 339 
805 2 278 170 
806 2 250 165 
820 3 106 311 186 
824 2 410 101 
835 1 104 
838 2 299 400 
841 2 423 374 
857 2 496 479 
859 2 479 170 
862 1 276 
863 5 349 437 266 107 147 
866 3 314 9 375 
867 4 370 125 478 170 
872 2 340 249 
874 1 129 
876 1 240 
881 4 94 201 437 34 
882 1 75 
883 4 52 31 442 174 
884 3 395 284 400 
885 1 284 
889 2 84 496 
890 2 445 342 
894 2 52 175 
896 5 459 97 478 129 397 
898 1 276 
901 1 97 
908 2 269 48 
917 1 314 
924 4 84 340 209 309 
925 3 362 84 333 
929 2 400 333 
936 1 400 
938 2 75 229 
945 2 227 260 
953 1 95 
958 1 250 
964 2 496 479 
966 2 496 479 
968 1 417 
971 2 493 170 
973 1 445 
980 1 101 
983 2 464 227 
984 1 150 
985 1 19 
989 1 95 
997 1 321 
1005 2 400 266 
1007 1 311 
1009 2 309 237 
1010 1 426 
1017 2 84 298 
1026 1 14 
1029 1 309 
1030 6 94 75 437 126 229 147 
1032 2 292 101 
1041 2 227 291 
1042 4 496 479 309 237 
1047 4 426 375 192 451 
1049 2 189 233 
1062 1 150 
1065 2 330 170 
1066 2 423 374 
1071 2 222 10 
1076 1 400 
1078 1 216 
1081 4 221 95 195 413 
1099 3 459 227 101 
1103 4 395 129 49 210 
1108 2 38 330 
1117 3 97 296 170 
1121 2 227 291 
1134 3 150 170 409 
1135 1 349 
1139 6 186 154 88 474 345 224 
1143 1 314 
1156 2 345 39 
1161 2 197 150 
1166 1 456 
1169 2 106 150 
1170 1 250 
1171 1 366 
1172 2 207 374 
1174 3 395 129 49 
1175 2 400 170 
1182 2 150 446 
1183 1 12 
1185 2 97 127 
1194 2 445 250 
1199 2 291 170 
1200 1 75 
1205 2 459 228 
1212 2 135 273 
1232 1 298 
1236 5 44 314 459 319 449 
1238 2 374 134 
1240 5 186 75 269 493 229 
1243 1 442 
1246 3 244 309 150 
1248 3 366 349 170 
1249 4 75 286 249 229 
1254 4 221 448 250 71 
1262 4 221 95 195 413 
1266 6 94 375 437 192 451 147 
1272 1 319 
1276 3 75 204 229 
1284 1 445 
1288 1 33 
1294 1 314 
1295 1 201 
1297 3 191 376 405 
1304 3 352 381 126 
1310 2 496 479 
1315 4 41 269 400 494 
1317 2 400 3 
1321 2 284 407 
1328 2 314 395 
1332 3 75 333 229 
1342 1 321 
1344 1 227 
1364 2 67 459 
1365 2 352 219 
1367 2 459 319 
1368 1 250 
1370 2 426 170 
1377 3 75 321 229 
1378 1 227 
1379 1 157 
1380 2 362 400 
1381 3 75 95 229 
1383 2 174 194 
1384 2 425 150 
1387 2 135 207 
1388 1 455 
1389 1 425 
1393 2 345 39 
1394 1 362 
1398 1 90 
1407 2 493 289 
1409 1 445 
1413 2 459 28 
1429 1 298 
1436 1 318 
1438 1 227 
1439 1 157 
1442 2 445 75 
1443 1 75 
1452 2 315 170 
1454 3 375 127 266 
1463 1 180 
1467 1 445 
1468 2 135 443 
1471 1 270 
1472 1 136 
1476 1 196 
1485 2 315 170 
1487 1 386 
1493 2 97 170 
1503 2 341 151 
1507 6 221 75 95 195 107 413 
1513 1 330 
1517 2 95 161 
1518 2 387 68 
1519 3 74 362 400 
1527 2 244 309 
1530 1 277 
1531 4 426 185 465 28 
1534 1 28 
1535 1 445 
1536 1 381 
1540 1 90 
1542 2 191 182 
1544 1 134 
1548 2 447 182 
1554 2 459 228 
1555 2 191 376 
1560 3 94 437 170 
1561 1 223 
1583 2 381 126 
1584 1 232 
1592 1 409 
1595 1 400 
1600 3 75 242 229 
1603 1 150 
1609 2 459 458 
1616 2 28 10 
1622 1 464 
1624 4 426 415 182 71 
1625 6 314 94 437 22 301 10 
1628 4 369 125 478 170 
1630 2 395 119 
1639 1 349 
1642 2 282 56 
1643 5 486 496 479 150 170 
1650 2 423 374 
1655 1 78 
1656 2 344 78 
1663 2 366 437 
1669 2 250 34 
1670 4 459 362 412 153 
1671 1 199 
1678 2 106 230 
1682 1 445 
1683 1 316 
1685 2 31 370 
1686 4 186 154 224 232 
1693 2 166 14 
1703 1 374 
1706 1 260 
1713 1 250 
1718 1 150 
1734 2 276 150 
1738 4 145 22 291 301 
1739 2 284 157 
1748 1 298 
1767 3 496 174 263 
1769 1 427 
1774 4 340 249 433 494 
1776 1 197 
1788 5 314 298 155 482 449 
1802 1 409 
1804 1 75 
1805 1 67 
1807 4 437 271 143 147 
1823 2 192 451 
1830 1 227 
1832 3 328 459 364 
1836 4 469 298 155 174 
1841 4 365 97 250 25 
1843 2 84 298 
1850 2 345 122 
1855 1 28 
1857 3 314 380 150 
1865 2 352 75 
1866 1 174 
1867 2 496 479 
1869 2 199 476 
1870 1 250 
1872 1 125 
1876 2 112 150 
1879 1 318 
1881 3 362 57 145 
1883 3 298 155 482 
1887 2 478 147 
1891 1 10 
1898 1 284 
1900 2 496 479 
1902 3 326 219 322 
1914 1 366 
1917 1 447 
1918 2 496 479 
1920 1 426 
1922 1 236 
1923 2 349 182 
1930 2 382 147 
1933 1 194 
1934 4 314 449 282 56 
1939 2 345 39 
1940 2 150 170 
1941 2 75 4 
1942 3 150 28 446 
1944 1 215 
1945 2 349 493 
1946 1 101 
1948 3 75 229 210 
1952 2 454 445 
1953 4 191 376 345 153 
1959 2 493 250 
1960 2 496 479 
1967 2 244 309 
1971 4 199 437 266 147 
1976 2 417 418 
1979 5 162 191 376 478 277 
1980 1 333 
1982 1 231 
1986 2 233 8 
1987 1 112 
1994 1 88 
1997 1 298 
2011 1 170 
2014 1 283 
2015 4 426 244 471 309 
2025 4 106 150 329 446 
2026 1 250 
2028 1 332 
2034 1 372 
2036 4 38 207 107 101 
2039 4 459 75 270 319 
2042 4 314 157 489 149 
2043 1 426 
2044 1 112 
2048 2 362 412 
2051 2 358 112 
2052 2 496 404 
2055 2 227 71 
2059 2 480 34 
2066 2 246 333 
2067 2 67 374 
2070 2 429 417 
2071 1 429 
2072 2 493 170 
2081 2 459 319 
2082 3 395 326 487 
2096 6 186 74 154 474 471 224 
2105 2 496 479 
2110 4 135 463 282 134 
2121 1 314 
2122 1 227 
2123 2 345 153 
2124 1 349 
2126 4 244 181 309 229 
2128 3 349 478 10 
2132 1 335 
2133 1 75 
2135 1 10 
2140 2 416 246 
2143 1 314 
2145 2 349 437 
2150 5 106 159 299 429 92 
2157 4 459 159 493 250 
2158 1 174 
2159 1 227 
2161 1 72 
2166 1 250 
2168 2 395 370 
2176 3 459 389 76 
2181 4 406 150 183 446 
2183 1 495 
2190 3 360 182 420 
2193 1 352 
2196 4 250 38 176 374 
2202 4 299 429 309 92 
2207 2 250 105 
2209 1 97 
2210 3 227 174 467 
2212 2 345 122 
2215 1 107 
2220 1 298 
2222 3 387 95 195 
2223 4 459 437 271 143 
2226 2 360 420 
2231 2 163 437 
2232 1 215 
2236 1 147 
2241 2 84 209 
2243 1 147 
2247 2 227 95 
2250 1 170 
2256 1 165 
2262 3 366 345 39 
2267 2 352 445 
2271 2 314 95 
2274 2 495 10 
2281 2 178 28 
2282 1 84 
2288 1 375 
2289 1 107 
2301 2 459 409 
2306 2 471 93 
2319 2 438 426 
2320 1 56 
2321 1 445 
2323 2 67 352 
2328 3 244 78 309 
2329 1 124 
2331 1 366 
2332 1 317 
2334 2 209 108 
2342 4 124 298 155 482 
2343 1 314 
2344 1 425 
2353 1 352 
2359 1 90 
2378 1 437 
2384 3 314 496 479 
2394 2 373 28 
2396 2 170 433 
2401 1 352 
2403 2 496 479 
2410 1 426 
2420 1 364 
2423 3 75 250 229 
2427 1 333 
2434 2 227 137 
2435 4 415 182 373 71 
2440 3 352 381 126 
2442 1 374 
2463 3 469 298 155 
2465 4 84 469 298 155 
2467 1 170 
2472 1 95 
2473 1 236 
2476 2 75 229 
2480 2 113 409 
2481 1 227 
2487 2 292 101 
2489 3 365 97 250 
2492 6 486 479 26 150 28 170 
2495 1 362 
2502 1 493 
2507 1 291 
2511 1 165 
2513 2 362 410 
2514 3 328 459 364 
2521 3 290 298 155 
2539 1 119 
2542 1 333 
2545 1 123 
2546 1 34 
2550 3 227 250 71 
2554 2 197 494 
2558 1 401 
2571 1 129 
2575 2 37 379 
2577 1 445 
2580 1 98 
2592 1 50 
2593 2 84 298 
2594 3 448 95 182 
2599 6 186 75 381 269 493 229 
2604 5 75 381 437 229 147 
2607 2 269 332 
2613 3 336 119 62 
2619 2 316 358 
2620 1 147 
2632 1 266 
2634 1 157 
2647 1 352 
2651 3 309 237 374 
2655 1 250 
2656 1 496 
2661 1 486 
2662 3 496 479 101 
2668 3 362 292 101 
2672 2 486 217 
2674 1 147 
2694 1 230 
2700 4 298 478 155 482 
2703 3 395 326 487 
2704 1 494 
2712 2 182 12 
2722 2 186 174 
2728 1 134 
2732 2 360 495 
2737 3 459 389 76 
2741 3 478 286 249 
2744 1 75 
2748 1 97 
2749 2 459 228 
2750 1 170 
2757 3 75 369 229 
2770 2 125 170 
2772 1 157 
2782 1 478 
2785 2 362 412 
2791 4 309 237 119 62 
2794 2 496 479 
2795 2 309 237 
2796 2 382 147 
2800 1 458 
2802 1 227 
2804 2 75 107 
2805 1 395 
2806 1 167 
2814 1 10 
2816 1 409 
2821 4 192 451 478 71 
2828 1 231 
2833 1 10 
2834 2 227 219 
2837 1 147 
2842 1 112 
2845 2 41 494 
2852 1 170 
2856 1 362 
2857 1 426 
2861 1 270 
2864 1 407 
2865 3 192 451 101 
2883 3 426 150 170 
2884 2 340 249 
2885 1 409 
2895 1 75 
2897 2 476 170 
2899 1 182 
2901 1 417 
2906 2 75 229 
2909 3 362 214 170 
2914 1 246 
2916 2 314 201 
2925 2 41 494 
2938 2 358 442 
2939 3 421 191 376 
2951 1 442 
2952 2 480 179 
2953 3 352 75 381 
2958 1 314 
2962 2 78 107 
2966 1 367 
2970 1 317 
2984 1 317 
2985 2 479 34 
2988 2 219 101 
2989 1 197 
2992 1 419 
2995 2 496 170 
2996 4 186 445 474 224 
3003 1 459 
3013 3 37 379 150 
3021 2 437 333 
3023 3 32 227 370 
3024 1 194 
3027 2 88 345 
3030 1 147 
3031 1 332 
3035 1 227 
3036 1 464 
3045 3 459 362 412 
3047 3 481 298 155 
3049 1 227 
3055 2 417 177 
3057 2 75 4 
3058 2 459 146 
3060 2 314 24 
3066 2 162 478 
3067 3 75 363 104 
3070 1 150 
3074 1 250 
3077 1 458 
3082 1 437 
3084 1 250 
3099 2 437 333 
3102 2 365 250 
3107 1 174 
3108 1 125 
3111 1 349 
3113 2 314 449 
3115 1 170 
3118 1 370 
3121 1 191 
3123 2 49 16 
3124 2 459 228 
3128 2 362 10 
3129 1 170 
3130 2 493 250 
3132 1 352 
3134 1 437 
3136 1 443 
3141 1 352 
3143 2 445 250 
3151 2 75 363 
3153 4 298 155 482 391 
3154 1 75 
3159 3 186 174 120 
3163 2 315 249 
3164 1 223 
3172 2 362 84 
3174 2 159 190 
3177 1 136 
3179 1 147 
3199 1 84 
3202 1 419 
3204 1 366 
3208 2 148 213 
3213 1 298 
3214 2 459 165 
3215 6 95 195 125 404 169 170 
3222 5 75 316 269 493 229 
3223 3 454 349 478 
3231 2 75 229 
3232 3 352 412 381 
3236 1 494 
3237 1 203 
3241 2 191 376 
3246 2 448 471 
3247 2 445 19 
3250 2 426 332 
3255 1 426 
3256 4 298 155 482 391 
3260 1 445 
3262 1 352 
3264 1 250 
3266 4 186 154 474 224 
3268 1 136 
3270 2 241 170 
3275 1 448 
3276 1 374 
3283 1 438 
3284 2 244 309 
3297 1 317 
3304 1 174 
3306 1 10 
3309 1 25 
3313 1 442 
3323 3 429 496 479 
3331 1 227 
3332 1 147 
3341 1 250 
3347 2 443 119 
3349 2 37 379 
3358 1 374 
3359 2 381 282 
3362 1 420 
3364 1 426 
3374 1 157 
3381 2 382 147 
3383 3 459 478 18 
3385 1 3 
3393 1 370 
3394 5 459 270 298 319 155 
3397 1 445 
3398 2 493 250 
3406 1 78 
3407 1 250 
3416 1 314 
3428 2 445 23 
3429 4 422 135 28 34 
3430 3 189 349 115 
3434 1 291 
3437 1 381 
3441 3 298 155 482 
3442 2 37 379 
3444 2 250 125 
3446 1 417 
3448 2 496 479 
3458 2 201 437 
3460 2 459 495 
3466 2 236 418 
3467 2 381 107 
3471 3 124 496 479 
3474 1 74 
3487 1 223 
3504 4 191 376 437 333 
3508 2 95 161 
3521 2 375 250 
3528 2 314 291 
3532 1 135 
3533 4 313 128 291 374 
3534 2 194 107 
3536 1 448 
3540 1 52 
3542 2 476 170 
3549 1 170 
3550 2 291 318 
3552 1 124 
3553 1 227 
3560 1 150 
3565 1 170 
3566 2 445 217 
3568 3 130 479 150 
3570 1 147 
3578 5 221 95 195 172 413 
3583 2 250 13 
3584 2 406 183 
3585 2 175 123 
3589 2 459 480 
3603 1 448 
3604 1 236 
3607 1 28 
3611 1 125 
3617 5 186 75 269 493 229 
3618 1 425 
3619 1 215 
3620 1 344 
3626 2 75 229 
3637 3 448 95 182 
3643 4 381 247 437 147 
3647 1 319 
3648 1 250 
3651 2 286 249 
3653 1 478 
3654 1 395 
3656 3 459 362 412 
3658 1 28 
3659 3 162 85 478 
3661 1 291 
3664 1 381 
3670 3 159 442 174 
3683 3 314 496 479 
3686 5 186 75 269 493 229 
3687 1 478 
3693 5 445 163 340 437 249 
3699 4 438 437 143 147 
3702 1 445 
3710 2 119 62 
3722 2 95 479 
3723 2 197 150 
3727 4 269 84 209 108 
3738 1 52 
3756 2 437 28 
3759 2 358 291 
3771 4 445 426 471 150 
3772 1 52 
3774 1 438 
3777 2 349 269 
3782 2 227 467 
3783 1 404 
3796 1 157 
3803 2 150 170 
3811 1 456 
3814 2 360 420 
3824 3 125 150 187 
3825 2 52 374 
3831 1 395 
3834 1 494 
3853 5 426 250 471 434 251 
3857 2 445 249 
3863 6 75 316 269 493 246 229 
3865 2 479 101 
3866 2 162 478 
3867 1 270 
3868 2 314 449 
3870 3 75 250 28 
3871 1 219 
3873 2 485 219 
3882 2 315 170 
3890 2 37 379 
3891 2 412 227 
3901 1 479 
3908 1 250 
3910 1 270 
3912 1 421 
3915 1 362 
3923 1 377 
3925 2 426 170 
3927 1 454 
3938 1 445 
3940 2 197 107 
3941 2 75 4 
3944 1 445 
3946 5 186 75 269 493 229 
3948 1 147 
3951 1 78 
3955 1 458 
3962 1 374 
3972 1 230 
3980 1 95 
3995 3 95 161 223 
3998 1 227 
4004 2 333 170 
4007 1 407 
4008 3 52 366 150 
4018 4 426 471 251 215 
4024 1 204 
4033 3 364 394 150 
4037 1 417 
4038 1 113 
4041 1 52 
4044 1 448 
4048 2 207 125 
4051 1 317 
4052 2 345 153 
4054 2 250 105 
4056 2 135 227 
4059 1 10 
4061 5 221 448 250 22 434 
4062 1 147 
4063 4 222 150 430 10 
4065 1 210 
4068 1 174 
4085 1 442 
4087 3 150 214 170 
4098 1 147 
4101 2 345 153 
4103 1 179 
4111 1 165 
4121 2 75 229 
4132 1 25 
4134 3 75 31 229 
4136 2 349 78 
4145 1 3 
4152 2 314 449 
4171 1 107 
4174 3 227 298 155 
4178 1 269 
4179 4 52 163 437 152 
4180 2 359 170 
4182 5 314 22 301 10 170 
4189 1 344 
4198 1 52 
4202 2 442 134 
4215 1 246 
4216 2 426 250 
4225 3 460 471 150 
4226 1 219 
4231 2 191 376 
4238 1 101 
4242 1 239 
4244 1 428 
4247 1 124 
4253 2 250 109 
4257 3 124 166 101 
4260 1 314 
4272 1 373 
4276 2 314 95 
4285 2 437 147 
4286 1 170 
4295 3 314 265 449 
4296 3 469 298 155 
4302 1 72 
4306 2 111 374 
4318 3 341 291 151 
4322 1 437 
4324 2 479 98 
4328 2 419 291 
4330 1 250 
4333 3 192 451 223 
4335 3 75 229 494 
4341 3 199 298 155 
4351 1 101 
4353 1 219 
4354 4 75 493 439 229 
4362 1 495 
4368 2 95 182 
4369 2 437 494 
4371 2 189 233 
4374 1 67 
4382 1 374 
4388 2 250 26 
4389 4 221 95 195 413 
4392 1 458 
4397 2 150 446 
4398 1 250 
4405 2 107 134 
4407 2 340 249 
4415 1 272 
4418 2 4 219 
4421 2 362 356 
4422 1 349 
4427 1 125 
4428 3 19 86 196 
4431 2 314 449 
4432 1 371 
4434 1 309 
4440 3 381 339 249 
4449 2 456 12 
4452 3 75 375 229 
4460 1 437 
4461 2 246 134 
4467 2 75 28 
4469 1 272 
4472 2 425 494 
4475 1 101 
4483 2 22 301 
4485 3 328 364 95 
4502 1 250 
4505 1 150 
4514 1 170 
4516 6 186 154 474 246 224 101 
4533 2 298 155 
4535 3 493 418 289 
4538 3 340 249 494 
4542 2 383 170 
4545 3 52 298 155 
4554 4 84 197 332 298 
4555 2 41 494 
4558 3 493 174 289 
4562 1 147 
4563 2 191 376 
4566 2 75 229 
4569 2 84 83 
4574 1 404 
4582 4 406 75 183 229 
4588 2 150 446 
4596 2 37 379 
4603 1 374 
4605 2 437 298 
4613 1 136 
4617 1 375 
4621 3 95 195 413 
4623 2 314 9 
4627 1 250 
4634 1 323 
4640 2 197 473 
4644 1 293 
4647 1 109 
4651 1 418 
4653 1 75 
4654 3 365 227 250 
4656 1 277 
4660 4 333 240 82 147 
4666 1 150 
4668 2 375 276 
4670 2 301 174 
4682 2 362 427 
4685 2 192 451 
4687 1 170 
4689 3 22 301 34 
4690 1 147 
4699 2 401 227 
4702 4 186 154 474 224 
4706 2 437 147 
4714 1 250 
4717 2 129 107 
4722 1 478 
4728 1 362 
4729 1 437 
4736 3 191 376 153 
4739 2 124 478 
4741 2 28 403 
4747 4 227 298 155 482 
4749 1 28 
4750 1 250 
4753 1 362 
4757 3 52 381 429 
4773 2 219 101 
4774 2 365 250 
4778 1 150 
4786 2 362 381 
4787 1 134 
4795 3 314 78 107 
4802 2 52 38 
4813 1 370 
4817 2 394 338 
4819 1 298 
4820 1 429 
4822 4 186 340 224 249 
4824 2 387 68 
4825 1 479 
4828 1 147 
4829 2 328 364 
4831 1 147 
4832 1 147 
4839 2 471 333 
4840 2 495 10 
4842 1 316 
4846 1 34 
4847 1 362 
4850 1 374 
4854 1 381 
4855 4 417 127 170 410 
4858 2 95 195 
4863 2 269 170 
4865 2 98 28 
4866 1 417 
4871 1 101 
4880 2 282 147 
4881 4 395 326 219 487 
4883 1 23 
4889 3 162 478 174 
4890 1 124 
4891 1 239 
4892 4 84 197 174 211 
4898 3 191 376 386 
4902 1 111 
4910 1 52 
4933 5 162 191 175 123 478 
4938 2 246 479 
4941 1 200 
4949 2 41 494 
4950 3 381 437 147 
4951 2 21 267 
4953 2 37 379 
4961 1 246 
4962 1 357 
4964 2 406 183 
4969 1 75 
4975 2 337 342 
4978 1 34 
4982 1 395 
4988 1 298 
4989 1 170 
4993 2 227 18 
4994 3 186 32 370 
1 3 41 437 494 
3 1 374 
5 2 227 137 
6 3 448 95 182 
8 1 358 
21 4 426 471 111 251 
23 1 479 
24 1 95 
41 1 333 
42 1 75 
44 1 186 
46 1 246 
47 2 479 150 
48 1 95 
49 1 147 
51 2 362 269 
52 3 75 479 229 
56 1 316 
62 1 6 
75 2 362 333 
81 1 150 
88 4 298 155 482 391 
89 2 374 34 
90 6 333 298 155 449 49 16 
96 2 426 84 
98 5 422 75 437 229 147 
100 3 471 298 155 
107 2 159 10 
108 1 101 
112 1 10 
113 2 197 211 
118 1 427 
126 5 164 75 426 420 229 
133 6 191 135 376 227 246 386 
135 4 448 426 250 434 
141 2 135 99 
149 1 250 
154 1 147 
156 1 28 
159 1 246 
160 2 180 182 
161 1 250 
165 2 253 270 
172 2 84 298 
178 1 246 
181 2 276 150 
182 1 135 
185 2 135 273 
187 2 197 10 
193 2 227 150 
196 1 314 
199 1 124 
206 2 84 108 
209 2 270 319 
211 3 345 374 39 
212 2 493 289 
216 1 6 
218 1 479 
226 1 134 
227 1 148 
241 1 401 
252 1 197 
253 3 269 163 437 
255 3 164 426 420 
263 1 296 
266 2 499 174 
270 3 52 437 28 
275 3 486 479 150 
290 1 393 
293 2 33 168 
297 1 95 
301 2 95 195 
302 2 362 333 
303 1 374 
309 3 437 107 147 
315 1 395 
316 1 175 
320 2 125 150 
321 1 429 
325 2 308 277 
327 2 199 314 
334 3 191 376 374 
339 1 404 
343 1 75 
346 1 270 
347 1 26 
349 1 276 
350 2 314 455 
351 1 227 
353 1 429 
369 1 397 
373 1 197 
380 1 286 
381 2 22 301 
389 2 337 105 
393 2 493 289 
404 2 125 187 
405 2 345 39 
407 1 34 
410 2 362 291 
413 2 7 479 
415 1 150 
416 3 406 45 183 
424 1 437 
429 1 362 
433 2 291 439 
442 1 419 
447 1 196 
448 1 246 
451 4 448 227 250 434 
459 1 319 
464 1 479 
473 2 268 359 
474 3 84 108 10 
479 1 493 
480 2 395 49 
483 1 38 
490 2 81 148 
492 1 95 
502 2 308 277 
506 1 370 
509 1 372 
512 3 244 276 309 
521 2 340 296 
526 3 298 155 315 
532 1 250 
539 3 395 246 49 
554 1 437 
555 1 159 
564 1 150 
578 2 292 101 
582 1 316 
588 2 41 494 
589 1 147 
590 1 157 
595 1 159 
601 1 33 
603 1 448 
619 4 75 227 242 229 
628 4 207 333 49 16 
629 3 362 282 134 
631 2 182 245 
632 3 345 230 153 
635 1 147 
636 3 38 207 107 
639 1 437 
642 1 81 
654 2 7 427 
657 2 359 34 
679 1 250 
692 3 186 154 224 
693 1 74 
696 1 107 
698 2 362 479 
700 1 175 
701 2 119 62 
703 3 95 250 13 
704 2 345 39 
708 1 219 
709 1 494 
713 1 175 
718 1 118 
723 1 479 
729 3 406 207 183 
730 2 375 205 
732 1 34 
734 2 246 393 
737 1 340 
740 1 395 
751 3 314 404 449 
752 1 34 
757 1 314 
763 2 314 250 
770 2 341 151 
774 1 426 
780 1 75 
787 1 10 
791 1 240 
792 1 337 
793 1 175 
795 1 232 
798 2 135 273 
800 1 270 
801 1 426 
803 2 3 134 
811 2 345 39 
812 3 309 237 394 
814 2 314 250 
816 1 448 
822 1 493 
826 1 78 
829 2 375 45 
840 1 199 
842 1 374 
843 1 174 
846 4 191 376 345 153 
854 1 461 
868 1 499 
873 1 448 
877 1 26 
880 1 298 
886 1 28 
887 1 52 
895 3 186 91 224 
916 2 394 338 
923 2 345 39 
928 3 426 174 354 
933 1 299 
939 3 185 465 28 
946 1 197 
949 1 119 
952 2 362 250 
957 4 262 472 174 372 
960 1 247 
965 3 345 479 39 
972 2 437 296 
977 1 364 
982 1 186 
987 1 479 
994 1 227 
998 2 448 250 
1002 1 227 
1003 4 250 341 105 151 
1013 4 469 309 155 103 
1019 1 425 
1020 2 75 107 
1022 4 186 269 493 229 
1027 2 159 207 
1044 4 95 340 161 10 
1045 1 314 
1046 3 362 479 319 
1056 2 10 494 
1064 2 91 372 
1068 2 19 293 
1073 1 314 
1074 1 364 
1075 1 174 
1079 3 362 395 31 
1088 1 471 
1093 1 276 
1100 1 321 
1104 1 276 
1105 2 382 147 
1118 3 135 197 273 
1123 1 357 
1127 2 316 25 
1138 1 281 
1141 3 341 291 151 
1146 1 437 
1150 2 292 101 
1151 1 127 
1154 2 145 319 
1160 1 98 
1162 2 437 147 
1168 2 91 107 
1181 1 269 
1188 3 314 362 24 
1191 1 28 
1196 1 426 
1197 1 395 
1204 1 101 
1210 1 479 
1211 2 362 250 
1214 2 192 451 
1220 1 236 
1221 2 199 276 
1222 1 182 
1226 2 227 291 
1227 2 191 376 
1230 1 33 
1237 1 437 
1250 1 229 
1253 1 78 
1264 1 101 
1268 3 471 298 155 
1273 1 25 
1277 1 123 
1285 4 95 340 72 161 
1286 1 213 
1299 1 232 
1301 3 186 154 224 
1316 2 341 151 
1325 3 135 492 446 
1329 1 67 
1330 2 250 207 
1345 1 227 
1348 1 107 
1350 4 52 163 276 152 
1352 1 4 
1354 2 84 340 
1356 2 8 410 
1357 1 319 
1358 2 486 479 
1359 1 314 
1369 3 41 7 494 
1374 2 191 376 
1385 2 269 182 
1391 2 84 108 
1392 3 341 291 151 
1410 2 95 195 
1414 1 374 
1417 2 426 30 
1421 3 298 155 147 
1422 2 312 183 
1424 2 246 107 
1425 1 45 
1428 2 250 13 
1440 2 244 309 
1453 1 135 
1460 2 227 134 
1462 1 227 
1464 2 270 319 
1475 1 107 
1481 3 227 457 137 
1483 3 73 250 270 
1488 1 162 
1489 2 45 449 
1490 2 73 250 
1491 1 246 
1494 2 345 39 
1501 1 362 
1502 2 186 428 
1512 2 41 494 
1514 2 191 376 
1522 1 395 
1537 1 78 
1538 1 362 
1541 1 91 
1547 1 367 
1551 2 479 453 
1552 3 84 108 446 
1556 1 314 
1559 4 37 379 193 494 
1564 2 52 477 
1566 1 250 
1570 1 180 
1571 2 250 101 
1582 3 299 429 92 
1590 4 37 379 250 141 
1591 1 340 
1593 3 162 191 376 
1598 2 6 276 
1601 1 394 
1604 3 135 136 273 
1605 1 340 
1610 1 34 
1620 1 130 
1621 3 417 49 16 
1631 3 365 135 250 
1638 4 469 298 155 109 
1665 1 180 
1666 1 194 
1674 2 250 434 
1676 2 130 246 
1679 1 479 
1694 1 246 
1697 2 228 101 
1698 1 118 
1702 2 157 34 
1710 1 464 
1715 2 63 56 
1716 1 101 
1717 1 25 
1722 1 486 
1723 1 318 
1740 1 34 
1741 1 358 
1744 4 64 373 382 147 
1746 2 276 286 
1759 1 187 
1761 1 56 
1762 1 113 
1775 1 182 
1781 1 309 
1784 1 410 
1790 5 429 333 49 92 16 
1809 2 19 319 
1813 1 270 
1824 1 227 
1825 2 192 451 
1828 1 23 
1831 2 442 147 
1833 2 84 197 
1834 2 95 161 
1842 1 162 
1849 3 38 207 321 
1852 2 45 345 
1853 1 270 
1861 2 84 108 
1871 3 314 178 28 
1873 1 174 
1886 1 101 
1897 4 95 25 195 172 
1904 2 199 38 
1907 2 130 13 
1912 1 91 
1919 1 227 
1924 2 37 379 
1925 3 298 155 315 
1926 2 330 210 
1931 1 464 
1932 2 270 101 
1935 1 147 
1950 1 197 
1958 1 136 
1962 3 314 449 229 
1964 4 362 95 195 172 
1968 1 319 
1977 1 175 
1978 4 310 304 493 229 
1983 3 4 462 277 
1984 1 227 
1999 2 186 224 
2000 1 182 
2002 2 242 435 
2004 2 464 321 
2005 1 136 
2006 1 426 
2009 1 174 
2017 1 104 
2019 1 68 
2022 1 147 
2023 1 464 
2024 1 333 
2031 1 4 
2037 1 227 
2046 1 28 
2050 1 479 
2061 1 404 
2062 1 197 
2068 1 62 
2075 2 95 161 
2086 1 57 
2087 1 364 
2089 3 191 376 101 
2091 1 479 
2092 4 395 326 219 487 
2098 1 371 
2099 1 314 
2108 1 401 
2117 2 7 95 
2119 3 159 25 291 
2120 1 186 
2136 2 145 318 
2144 3 185 465 28 
2155 1 28 
2160 1 369 
2163 1 362 
2165 1 314 
2167 1 404 
2172 4 389 345 81 76 
2185 3 186 74 154 
2192 2 144 319 
2200 1 147 
2206 1 479 
2213 1 118 
2217 1 395 
2219 1 101 
2221 1 118 
2227 2 435 170 
2229 2 374 229 
2230 1 127 
2242 2 84 83 
2244 1 362 
2252 1 147 
2259 1 227 
2260 1 314 
2261 1 425 
2265 1 98 
2268 1 286 
2270 1 397 
2291 1 12 
2296 2 95 195 
2298 1 486 
2304 1 136 
2305 1 246 
2307 1 174 
2310 1 291 
2316 1 315 
2317 1 197 
2326 1 429 
2347 2 174 263 
2348 2 382 147 
2350 1 34 
2351 3 469 298 155 
2356 1 367 
2357 1 246 
2362 1 197 
2363 2 382 147 
2364 1 159 
2371 1 197 
2372 3 192 451 134 
2373 1 316 
2376 1 374 
2379 3 362 38 207 
2380 2 471 333 
2385 1 367 
2387 1 314 
2395 2 18 318 
2398 2 436 56 
2404 2 41 494 
2405 1 276 
2406 1 12 
2416 5 191 376 405 174 229 
2417 1 227 
2428 1 374 
2431 1 321 
2436 1 246 
2438 1 404 
2439 1 272 
2446 1 362 
2453 1 333 
2454 1 162 
2457 2 28 403 
2459 2 18 28 
2462 1 394 
2468 4 185 236 418 28 
2471 1 227 
2486 2 362 359 
2491 2 84 108 
2500 3 191 376 394 
2510 1 217 
2522 1 479 
2529 1 101 
2532 2 163 443 
2533 1 14 
2549 2 135 493 
2551 2 253 270 
2553 1 14 
2559 1 296 
2562 2 298 155 
2566 1 493 
2567 2 136 306 
2578 1 208 
2579 1 246 
2581 1 119 
2582 1 107 
2586 1 240 
2597 1 388 
2600 1 145 
2602 2 290 56 
2605 1 374 
2623 1 358 
2624 1 340 
2625 1 457 
2637 1 56 
2638 1 435 
2640 1 227 
2643 1 268 
2657 1 7 
2664 4 191 376 405 479 
2665 1 115 
2670 1 290 
2675 1 56 
2676 2 84 108 
2679 1 236 
2680 3 227 453 137 
2682 2 314 12 
2683 1 124 
2684 1 494 
2692 3 244 479 309 
2693 1 300 
2698 1 229 
2699 1 375 
2710 1 309 
2716 2 227 315 
2727 1 404 
2738 2 415 182 
2740 2 333 229 
2742 1 333 
2752 1 236 
2753 1 314 
2758 1 316 
2760 1 394 
2761 1 374 
2764 1 186 
2765 1 426 
2766 1 25 
2768 2 345 153 
2769 1 393 
2771 1 34 
2773 1 291 
2774 1 246 
2775 1 28 
2779 1 192 
2783 1 227 
2793 1 269 
2812 1 443 
2817 1 246 
2818 2 314 78 
2824 3 345 374 39 
2836 1 364 
2838 1 136 
2844 1 174 
2848 2 174 263 
2855 2 314 163 
2872 1 442 
2874 2 175 123 
2875 4 227 333 104 82 
2876 2 44 78 
2878 2 395 34 
2880 2 345 153 
2892 1 300 
2893 1 442 
2908 1 426 
2912 1 177 
2920 2 291 439 
2926 1 182 
2928 2 159 136 
2932 2 479 205 
2933 2 426 30 
2940 1 426 
2950 1 374 
2956 2 292 101 
2959 1 374 
2963 2 191 376 
2964 1 417 
2967 1 174 
2972 3 189 298 115 
2974 2 463 134 
2975 1 276 
2978 1 182 
2979 1 312 
2980 1 136 
2981 1 191 
2983 1 270 
2987 1 426 
2990 1 374 
2994 1 182 
2998 1 136 
3000 2 227 101 
3002 1 175 
3004 2 104 101 
3005 1 28 
3007 2 271 143 
3019 1 316 
3020 1 124 
3032 2 81 229 
3034 1 298 
3037 3 191 376 345 
3040 1 12 
3044 1 227 
3051 2 362 291 
3062 1 442 
3069 2 415 182 
3086 3 365 95 195 
3087 1 362 
3103 1 365 
3104 1 446 
3106 1 363 
3109 4 395 31 39 238 
3142 1 174 
3145 1 286 
3149 1 479 
3150 1 309 
3156 2 189 115 
3162 1 363 
3167 3 457 105 374 
3170 1 429 
3171 2 396 101 
3178 1 135 
3182 1 442 
3184 2 199 107 
3187 1 174 
3188 1 318 
3190 1 375 
3191 1 227 
3196 1 229 
3197 2 135 473 
3198 1 309 
3201 1 272 
3224 2 49 16 
3228 1 52 
3239 1 258 
3240 3 37 379 157 
3243 3 52 163 152 
3258 1 95 
3259 1 283 
3265 1 375 
3274 2 345 122 
3278 1 417 
3285 2 370 101 
3288 1 163 
3290 2 291 28 
3303 1 293 
3308 1 174 
3317 2 426 471 
3321 3 389 345 76 
3326 1 479 
3338 1 345 
3339 1 276 
3342 3 186 428 111 
3346 1 182 
3350 2 426 471 
3356 1 312 
3366 5 340 469 309 155 103 
3368 1 192 
3373 1 269 
3375 2 375 174 
3387 1 182 
3395 2 446 427 
3401 1 291 
3402 2 41 494 
3408 1 479 
3425 2 41 494 
3431 1 35 
3432 4 186 269 493 229 
3443 1 421 
3453 1 109 
3454 1 417 
3459 1 134 
3478 1 229 
3479 2 417 127 
3486 2 329 446 
3489 1 425 
3495 2 41 494 
3503 1 111 
3505 1 269 
3513 1 105 
3515 2 387 68 
3518 2 37 379 
3519 3 135 146 273 
3525 1 286 
3531 2 230 132 
3537 1 101 
3554 4 84 197 298 211 
3562 3 191 136 376 
3563 1 182 
3572 2 395 479 
3573 1 124 
3577 1 286 
3588 4 186 269 493 229 
3592 1 174 
3600 1 342 
3606 1 388 
3609 4 469 298 155 174 
3622 2 49 16 
3627 1 317 
3634 1 159 
3638 3 95 195 374 
3642 1 393 
3645 2 157 16 
3646 4 186 269 493 229 
3660 4 135 492 446 34 
3663 1 197 
3665 2 113 479 
3667 1 298 
3671 1 119 
3673 3 118 298 155 
3675 1 207 
3684 2 162 494 
3685 1 192 
3691 1 345 
3692 3 395 326 487 
3695 1 457 
3697 1 163 
3704 2 317 192 
3707 2 95 195 
3712 3 395 31 238 
3713 1 227 
3726 2 246 28 
3731 1 395 
3732 1 227 
3733 1 164 
3735 2 176 374 
3739 5 316 269 493 246 229 
3740 2 319 425 
3745 1 101 
3749 1 107 
3750 1 479 
3757 1 9 
3764 1 104 
3766 2 269 119 
3775 1 426 
3776 3 246 28 403 
3780 2 446 53 
3793 1 67 
3798 3 95 175 123 
3809 1 107 
3816 2 479 28 
3820 1 91 
3826 2 256 115 
3827 2 182 417 
3829 4 448 95 182 408 
3830 2 426 429 
3836 3 469 298 155 
3838 1 34 
3845 2 28 446 
3874 2 463 134 
3885 2 84 298 
3887 2 182 218 
3894 1 105 
3899 3 486 493 229 
3913 1 330 
3919 2 186 52 
3926 3 191 376 345 
3929 1 242 
3933 2 227 182 
3935 1 148 
3937 1 404 
3939 1 38 
3953 1 229 
3965 2 493 289 
3970 2 298 155 
3976 1 425 
3981 2 417 127 
3986 2 22 301 
3991 2 298 155 
4000 2 363 300 
4003 1 434 
4006 2 186 174 
4009 1 298 
4011 3 21 197 211 
4021 1 358 
4026 3 299 429 92 
4036 1 276 
4040 2 95 442 
4046 1 6 
4053 3 135 176 374 
4060 1 276 
4064 1 41 
4066 1 178 
4073 2 317 372 
4077 5 395 326 136 219 487 
4078 2 145 425 
4089 1 248 
4090 1 215 
4091 1 182 
4095 1 345 
4096 1 286 
4097 1 298 
4099 1 68 
4100 3 299 429 92 
4102 1 134 
4109 1 340 
4116 2 291 446 
4126 1 479 
4128 1 477 
4133 1 95 
4137 1 457 
4140 1 464 
4141 1 74 
4142 3 135 492 446 
4148 1 14 
4149 1 162 
4153 1 299 
4155 2 255 330 
4163 2 124 426 
4164 1 33 
4169 1 17 
4175 3 144 290 319 
4176 1 134 
4185 3 95 195 172 
4187 1 309 
4190 1 229 
4212 1 493 
4220 1 374 
4227 1 486 
4230 1 37 
4234 1 286 
4237 1 149 
4241 1 16 
4245 1 479 
4248 4 497 345 229 39 
4249 3 299 429 92 
4252 1 111 
4263 1 276 
4265 1 229 
4269 1 425 
4277 1 31 
4280 1 9 
4281 1 268 
4290 1 227 
4292 1 52 
4293 1 438 
4301 1 19 
4303 1 101 
4308 1 95 
4314 1 434 
4317 1 479 
4331 1 115 
4336 2 270 319 
4340 1 291 
4344 1 426 
4346 2 426 471 
4347 1 372 
4349 1 8 
4352 1 316 
4356 1 261 
4359 2 191 374 
4360 2 340 356 
4366 1 74 
4367 1 298 
4377 3 387 78 68 
4384 5 317 426 471 165 251 
4393 2 278 457 
4395 1 479 
4396 1 404 
4403 1 157 
4414 2 123 298 
4429 2 395 127 
4435 1 374 
4436 2 317 192 
4439 1 426 
4441 2 67 124 
4451 1 364 
4453 1 2 
4454 1 162 
4476 1 305 
4481 1 256 
4482 1 471 
4491 1 446 
4492 1 373 
4493 1 136 
4494 1 417 
4495 1 340 
4498 2 175 192 
4500 2 368 345 
4506 1 368 
4515 1 95 
4520 1 227 
4524 1 425 
4531 2 345 479 
4548 1 52 
4553 1 293 
4575 1 290 
4577 2 406 183 
4583 1 227 
4587 1 187 
4590 1 299 
4593 2 31 229 
4598 1 107 
4599 1 479 
4616 1 493 
4618 2 95 195 
4622 1 105 
4631 1 90 
4638 2 31 229 
4639 1 426 
4642 1 197 
4648 1 426 
4649 1 246 
4652 3 236 418 319 
4655 2 479 374 
4674 3 340 309 229 
4675 1 345 
4679 1 479 
4688 1 118 
4700 1 241 
4720 1 6 
4723 1 19 
4725 2 375 192 
4730 2 417 273 
4733 3 37 379 479 
4735 1 18 
4748 1 105 
4752 1 374 
4758 1 425 
4768 1 479 
4769 2 493 289 
4772 1 101 
4776 1 369 
4780 2 207 323 
4784 1 417 
4788 1 321 
4789 1 227 
4793 1 95 
4797 1 208 
4798 1 42 
4805 1 105 
4807 2 135 182 
4808 2 227 467 
4810 1 26 
4815 1 194 
4843 1 479 
4848 1 479 
4852 1 190 
4860 1 446 
4862 1 215 
4894 1 374 
4896 1 345 
4897 2 317 192 
4899 1 312 
4900 1 319 
4903 1 192 
4904 1 256 
4908 1 174 
4917 1 479 
4919 1 105 
4927 2 256 291 
4929 2 6 31 
4936 1 479 
4939 1 7 
4943 1 38 
4944 1 182 
4948 3 345 81 39 
4967 2 387 68 
4984 4 186 269 493 229 
4985 1 19 
4990 1 230 
